#1800 angles,  1 tensor ranks for 0=projectile
@subtitle   "23Na-40Ca, 85.0MeV, JLM single-folding"                                        
@legend ON
@legend x1 0.2
@legend y1 0.8
@g0 type LOGY
@xaxis label "Scattering angle (degrees)"
@yaxis label "Cross section (mb/sr)"
@legend string  0 "Partition=  1 Excit=  1 near/far= 1"
#legend string  0 "Lab energy =   85.0000"
@s0 linestyle   1
#  Theta       sigma       iT11        T20         T21         T22         Kyy for projectile
  0.1000      0.3713E+14
  0.2000      0.2321E+13
  0.3000      0.4584E+12
  0.4000      0.1450E+12
  0.5000      0.5940E+11
  0.6000      0.2865E+11
  0.7000      0.1546E+11
  0.8000      0.9067E+10
  0.9000      0.5658E+10
   1.000      0.3715E+10
   1.100      0.2536E+10
   1.200      0.1792E+10
   1.300      0.1298E+10
   1.400      0.9694E+09
   1.500      0.7313E+09
   1.600      0.5673E+09
   1.700      0.4455E+09
   1.800      0.3533E+09
   1.900      0.2845E+09
   2.000      0.2321E+09
   2.100      0.1918E+09
   2.200      0.1587E+09
   2.300      0.1318E+09
   2.400      0.1116E+09
   2.500      0.9570E+08
   2.600      0.8182E+08
   2.700      0.6983E+08
   2.800      0.6011E+08
   2.900      0.5224E+08
   3.000      0.4569E+08
   3.100      0.4028E+08
   3.200      0.3575E+08
   3.300      0.3171E+08
   3.400      0.2794E+08
   3.500      0.2456E+08
   3.600      0.2178E+08
   3.700      0.1958E+08
   3.800      0.1774E+08
   3.900      0.1611E+08
   4.000      0.1464E+08
   4.100      0.1333E+08
   4.200      0.1216E+08
   4.300      0.1105E+08
   4.400      0.9988E+07
   4.500      0.8993E+07
   4.600      0.8126E+07
   4.700      0.7412E+07
   4.800      0.6830E+07
   4.900      0.6333E+07
   5.000      0.5888E+07
   5.100      0.5483E+07
   5.200      0.5124E+07
   5.300      0.4807E+07
   5.400      0.4519E+07
   5.500      0.4236E+07
   5.600      0.3947E+07
   5.700      0.3651E+07
   5.800      0.3364E+07
   5.900      0.3098E+07
   6.000      0.2859E+07
   6.100      0.2645E+07
   6.200      0.2450E+07
   6.300      0.2268E+07
   6.400      0.2100E+07
   6.500      0.1952E+07
   6.600      0.1826E+07
   6.700      0.1724E+07
   6.800      0.1641E+07
   6.900      0.1570E+07
   7.000      0.1505E+07
   7.100      0.1443E+07
   7.200      0.1384E+07
   7.300      0.1330E+07
   7.400      0.1282E+07
   7.500      0.1240E+07
   7.600      0.1201E+07
   7.700      0.1162E+07
   7.800      0.1120E+07
   7.900      0.1076E+07
   8.000      0.1029E+07
   8.100      0.9817E+06
   8.200      0.9362E+06
   8.300      0.8930E+06
   8.400      0.8518E+06
   8.500      0.8115E+06
   8.600      0.7709E+06
   8.700      0.7294E+06
   8.800      0.6873E+06
   8.900      0.6455E+06
   9.000      0.6053E+06
   9.100      0.5675E+06
   9.200      0.5325E+06
   9.300      0.5001E+06
   9.400      0.4695E+06
   9.500      0.4400E+06
   9.600      0.4112E+06
   9.700      0.3831E+06
   9.800      0.3560E+06
   9.900      0.3304E+06
   10.00      0.3069E+06
   10.10      0.2854E+06
   10.20      0.2660E+06
   10.30      0.2483E+06
   10.40      0.2317E+06
   10.50      0.2159E+06
   10.60      0.2007E+06
   10.70      0.1861E+06
   10.80      0.1724E+06
   10.90      0.1597E+06
   11.00      0.1482E+06
   11.10      0.1379E+06
   11.20      0.1287E+06
   11.30      0.1203E+06
   11.40      0.1125E+06
   11.50      0.1051E+06
   11.60      0.9792E+05
   11.70      0.9109E+05
   11.80      0.8466E+05
   11.90      0.7874E+05
   12.00      0.7340E+05
   12.10      0.6867E+05
   12.20      0.6446E+05
   12.30      0.6065E+05
   12.40      0.5712E+05
   12.50      0.5374E+05
   12.60      0.5046E+05
   12.70      0.4729E+05
   12.80      0.4428E+05
   12.90      0.4148E+05
   13.00      0.3895E+05
   13.10      0.3671E+05
   13.20      0.3474E+05
   13.30      0.3298E+05
   13.40      0.3134E+05
   13.50      0.2978E+05
   13.60      0.2824E+05
   13.70      0.2672E+05
   13.80      0.2524E+05
   13.90      0.2385E+05
   14.00      0.2258E+05
   14.10      0.2145E+05
   14.20      0.2047E+05
   14.30      0.1960E+05
   14.40      0.1880E+05
   14.50      0.1804E+05
   14.60      0.1729E+05
   14.70      0.1652E+05
   14.80      0.1576E+05
   14.90      0.1503E+05
   15.00      0.1434E+05
   15.10      0.1372E+05
   15.20      0.1318E+05
   15.30      0.1272E+05
   15.40      0.1230E+05
   15.50      0.1191E+05
   15.60      0.1152E+05
   15.70      0.1112E+05
   15.80      0.1070E+05
   15.90      0.1029E+05
   16.00       9891.    
   16.10       9526.    
   16.20       9204.    
   16.30       8927.    
   16.40       8687.    
   16.50       8469.    
   16.60       8256.    
   16.70       8036.    
   16.80       7803.    
   16.90       7560.    
   17.00       7317.    
   17.10       7086.    
   17.20       6878.    
   17.30       6699.    
   17.40       6547.    
   17.50       6414.    
   17.60       6290.    
   17.70       6163.    
   17.80       6027.    
   17.90       5880.    
   18.00       5726.    
   18.10       5574.    
   18.20       5432.    
   18.30       5307.    
   18.40       5202.    
   18.50       5113.    
   18.60       5034.    
   18.70       4957.    
   18.80       4875.    
   18.90       4784.    
   19.00       4685.    
   19.10       4583.    
   19.20       4483.    
   19.30       4391.    
   19.40       4313.    
   19.50       4247.    
   19.60       4192.    
   19.70       4142.    
   19.80       4091.    
   19.90       4034.    
   20.00       3970.    
   20.10       3900.    
   20.20       3829.    
   20.30       3761.    
   20.40       3700.    
   20.50       3648.    
   20.60       3606.    
   20.70       3570.    
   20.80       3536.    
   20.90       3500.    
   21.00       3458.    
   21.10       3411.    
   21.20       3360.    
   21.30       3309.    
   21.40       3261.    
   21.50       3219.    
   21.60       3185.    
   21.70       3156.    
   21.80       3132.    
   21.90       3107.    
   22.00       3080.    
   22.10       3048.    
   22.20       3013.    
   22.30       2975.    
   22.40       2937.    
   22.50       2903.    
   22.60       2873.    
   22.70       2849.    
   22.80       2830.    
   22.90       2812.    
   23.00       2794.    
   23.10       2772.    
   23.20       2748.    
   23.30       2720.    
   23.40       2691.    
   23.50       2663.    
   23.60       2638.    
   23.70       2617.    
   23.80       2600.    
   23.90       2586.    
   24.00       2573.    
   24.10       2558.    
   24.20       2541.    
   24.30       2522.    
   24.40       2500.    
   24.50       2477.    
   24.60       2456.    
   24.70       2438.    
   24.80       2423.    
   24.90       2411.    
   25.00       2400.    
   25.10       2390.    
   25.20       2378.    
   25.30       2364.    
   25.40       2348.    
   25.50       2331.    
   25.60       2314.    
   25.70       2298.    
   25.80       2284.    
   25.90       2273.    
   26.00       2264.    
   26.10       2256.    
   26.20       2248.    
   26.30       2238.    
   26.40       2227.    
   26.50       2214.    
   26.60       2200.    
   26.70       2186.    
   26.80       2174.    
   26.90       2164.    
   27.00       2155.    
   27.10       2149.    
   27.20       2142.    
   27.30       2136.    
   27.40       2128.    
   27.50       2118.    
   27.60       2108.    
   27.70       2097.    
   27.80       2086.    
   27.90       2077.    
   28.00       2069.    
   28.10       2063.    
   28.20       2057.    
   28.30       2052.    
   28.40       2047.    
   28.50       2040.    
   28.60       2032.    
   28.70       2024.    
   28.80       2015.    
   28.90       2006.    
   29.00       1999.    
   29.10       1993.    
   29.20       1988.    
   29.30       1984.    
   29.40       1980.    
   29.50       1976.    
   29.60       1970.    
   29.70       1963.    
   29.80       1956.    
   29.90       1949.    
   30.00       1943.    
   30.10       1937.    
   30.20       1933.    
   30.30       1929.    
   30.40       1926.    
   30.50       1922.    
   30.60       1918.    
   30.70       1914.    
   30.80       1908.    
   30.90       1902.    
   31.00       1897.    
   31.10       1892.    
   31.20       1887.    
   31.30       1884.    
   31.40       1881.    
   31.50       1878.    
   31.60       1876.    
   31.70       1872.    
   31.80       1868.    
   31.90       1864.    
   32.00       1859.    
   32.10       1855.    
   32.20       1851.    
   32.30       1847.    
   32.40       1845.    
   32.50       1842.    
   32.60       1840.    
   32.70       1838.    
   32.80       1835.    
   32.90       1832.    
   33.00       1828.    
   33.10       1825.    
   33.20       1821.    
   33.30       1818.    
   33.40       1815.    
   33.50       1813.    
   33.60       1811.    
   33.70       1810.    
   33.80       1808.    
   33.90       1806.    
   34.00       1803.    
   34.10       1800.    
   34.20       1797.    
   34.30       1794.    
   34.40       1792.    
   34.50       1790.    
   34.60       1788.    
   34.70       1787.    
   34.80       1785.    
   34.90       1784.    
   35.00       1782.    
   35.10       1780.    
   35.20       1777.    
   35.30       1775.    
   35.40       1773.    
   35.50       1771.    
   35.60       1769.    
   35.70       1768.    
   35.80       1767.    
   35.90       1766.    
   36.00       1765.    
   36.10       1763.    
   36.20       1761.    
   36.30       1759.    
   36.40       1757.    
   36.50       1756.    
   36.60       1754.    
   36.70       1753.    
   36.80       1752.    
   36.90       1751.    
   37.00       1751.    
   37.10       1750.    
   37.20       1748.    
   37.30       1747.    
   37.40       1745.    
   37.50       1744.    
   37.60       1743.    
   37.70       1741.    
   37.80       1741.    
   37.90       1740.    
   38.00       1739.    
   38.10       1739.    
   38.20       1738.    
   38.30       1737.    
   38.40       1736.    
   38.50       1735.    
   38.60       1734.    
   38.70       1733.    
   38.80       1732.    
   38.90       1731.    
   39.00       1731.    
   39.10       1730.    
   39.20       1730.    
   39.30       1729.    
   39.40       1729.    
   39.50       1728.    
   39.60       1727.    
   39.70       1726.    
   39.80       1725.    
   39.90       1725.    
   40.00       1724.    
   40.10       1724.    
   40.20       1724.    
   40.30       1724.    
   40.40       1723.    
   40.50       1723.    
   40.60       1722.    
   40.70       1721.    
   40.80       1721.    
   40.90       1720.    
   41.00       1720.    
   41.10       1720.    
   41.20       1719.    
   41.30       1719.    
   41.40       1719.    
   41.50       1719.    
   41.60       1718.    
   41.70       1718.    
   41.80       1718.    
   41.90       1717.    
   42.00       1717.    
   42.10       1717.    
   42.20       1717.    
   42.30       1717.    
   42.40       1717.    
   42.50       1716.    
   42.60       1716.    
   42.70       1716.    
   42.80       1716.    
   42.90       1715.    
   43.00       1715.    
   43.10       1715.    
   43.20       1715.    
   43.30       1715.    
   43.40       1715.    
   43.50       1715.    
   43.60       1715.    
   43.70       1715.    
   43.80       1715.    
   43.90       1715.    
   44.00       1715.    
   44.10       1715.    
   44.20       1715.    
   44.30       1715.    
   44.40       1715.    
   44.50       1715.    
   44.60       1715.    
   44.70       1715.    
   44.80       1715.    
   44.90       1715.    
   45.00       1715.    
   45.10       1715.    
   45.20       1715.    
   45.30       1715.    
   45.40       1715.    
   45.50       1715.    
   45.60       1716.    
   45.70       1716.    
   45.80       1716.    
   45.90       1716.    
   46.00       1716.    
   46.10       1716.    
   46.20       1716.    
   46.30       1716.    
   46.40       1717.    
   46.50       1717.    
   46.60       1717.    
   46.70       1717.    
   46.80       1718.    
   46.90       1718.    
   47.00       1718.    
   47.10       1718.    
   47.20       1718.    
   47.30       1718.    
   47.40       1719.    
   47.50       1719.    
   47.60       1719.    
   47.70       1719.    
   47.80       1720.    
   47.90       1720.    
   48.00       1720.    
   48.10       1720.    
   48.20       1721.    
   48.30       1721.    
   48.40       1721.    
   48.50       1721.    
   48.60       1721.    
   48.70       1722.    
   48.80       1722.    
   48.90       1722.    
   49.00       1723.    
   49.10       1723.    
   49.20       1723.    
   49.30       1724.    
   49.40       1724.    
   49.50       1724.    
   49.60       1724.    
   49.70       1725.    
   49.80       1725.    
   49.90       1725.    
   50.00       1726.    
   50.10       1726.    
   50.20       1727.    
   50.30       1727.    
   50.40       1727.    
   50.50       1727.    
   50.60       1728.    
   50.70       1728.    
   50.80       1728.    
   50.90       1729.    
   51.00       1729.    
   51.10       1729.    
   51.20       1730.    
   51.30       1730.    
   51.40       1731.    
   51.50       1731.    
   51.60       1731.    
   51.70       1732.    
   51.80       1732.    
   51.90       1732.    
   52.00       1733.    
   52.10       1733.    
   52.20       1733.    
   52.30       1734.    
   52.40       1734.    
   52.50       1735.    
   52.60       1735.    
   52.70       1735.    
   52.80       1736.    
   52.90       1736.    
   53.00       1737.    
   53.10       1737.    
   53.20       1737.    
   53.30       1738.    
   53.40       1738.    
   53.50       1739.    
   53.60       1739.    
   53.70       1739.    
   53.80       1740.    
   53.90       1740.    
   54.00       1740.    
   54.10       1741.    
   54.20       1741.    
   54.30       1742.    
   54.40       1742.    
   54.50       1743.    
   54.60       1743.    
   54.70       1743.    
   54.80       1744.    
   54.90       1744.    
   55.00       1745.    
   55.10       1745.    
   55.20       1745.    
   55.30       1746.    
   55.40       1746.    
   55.50       1747.    
   55.60       1747.    
   55.70       1747.    
   55.80       1748.    
   55.90       1748.    
   56.00       1749.    
   56.10       1749.    
   56.20       1750.    
   56.30       1750.    
   56.40       1750.    
   56.50       1751.    
   56.60       1751.    
   56.70       1752.    
   56.80       1752.    
   56.90       1752.    
   57.00       1753.    
   57.10       1753.    
   57.20       1754.    
   57.30       1754.    
   57.40       1755.    
   57.50       1755.    
   57.60       1755.    
   57.70       1756.    
   57.80       1756.    
   57.90       1757.    
   58.00       1757.    
   58.10       1758.    
   58.20       1758.    
   58.30       1758.    
   58.40       1759.    
   58.50       1759.    
   58.60       1760.    
   58.70       1760.    
   58.80       1760.    
   58.90       1761.    
   59.00       1761.    
   59.10       1762.    
   59.20       1762.    
   59.30       1763.    
   59.40       1763.    
   59.50       1763.    
   59.60       1764.    
   59.70       1764.    
   59.80       1765.    
   59.90       1765.    
   60.00       1766.    
   60.10       1766.    
   60.20       1766.    
   60.30       1767.    
   60.40       1767.    
   60.50       1768.    
   60.60       1768.    
   60.70       1768.    
   60.80       1769.    
   60.90       1769.    
   61.00       1770.    
   61.10       1770.    
   61.20       1771.    
   61.30       1771.    
   61.40       1771.    
   61.50       1772.    
   61.60       1772.    
   61.70       1773.    
   61.80       1773.    
   61.90       1773.    
   62.00       1774.    
   62.10       1774.    
   62.20       1775.    
   62.30       1775.    
   62.40       1776.    
   62.50       1776.    
   62.60       1776.    
   62.70       1777.    
   62.80       1777.    
   62.90       1778.    
   63.00       1778.    
   63.10       1778.    
   63.20       1779.    
   63.30       1779.    
   63.40       1780.    
   63.50       1780.    
   63.60       1780.    
   63.70       1781.    
   63.80       1781.    
   63.90       1782.    
   64.00       1782.    
   64.10       1782.    
   64.20       1783.    
   64.30       1783.    
   64.40       1784.    
   64.50       1784.    
   64.60       1784.    
   64.70       1785.    
   64.80       1785.    
   64.90       1786.    
   65.00       1786.    
   65.10       1786.    
   65.20       1787.    
   65.30       1787.    
   65.40       1788.    
   65.50       1788.    
   65.60       1788.    
   65.70       1789.    
   65.80       1789.    
   65.90       1789.    
   66.00       1790.    
   66.10       1790.    
   66.20       1791.    
   66.30       1791.    
   66.40       1791.    
   66.50       1792.    
   66.60       1792.    
   66.70       1793.    
   66.80       1793.    
   66.90       1793.    
   67.00       1794.    
   67.10       1794.    
   67.20       1794.    
   67.30       1795.    
   67.40       1795.    
   67.50       1796.    
   67.60       1796.    
   67.70       1796.    
   67.80       1797.    
   67.90       1797.    
   68.00       1797.    
   68.10       1798.    
   68.20       1798.    
   68.30       1799.    
   68.40       1799.    
   68.50       1799.    
   68.60       1800.    
   68.70       1800.    
   68.80       1800.    
   68.90       1801.    
   69.00       1801.    
   69.10       1801.    
   69.20       1802.    
   69.30       1802.    
   69.40       1803.    
   69.50       1803.    
   69.60       1803.    
   69.70       1804.    
   69.80       1804.    
   69.90       1804.    
   70.00       1805.    
   70.10       1805.    
   70.20       1805.    
   70.30       1806.    
   70.40       1806.    
   70.50       1806.    
   70.60       1807.    
   70.70       1807.    
   70.80       1807.    
   70.90       1808.    
   71.00       1808.    
   71.10       1809.    
   71.20       1809.    
   71.30       1809.    
   71.40       1810.    
   71.50       1810.    
   71.60       1810.    
   71.70       1811.    
   71.80       1811.    
   71.90       1811.    
   72.00       1812.    
   72.10       1812.    
   72.20       1812.    
   72.30       1813.    
   72.40       1813.    
   72.50       1813.    
   72.60       1814.    
   72.70       1814.    
   72.80       1814.    
   72.90       1815.    
   73.00       1815.    
   73.10       1815.    
   73.20       1816.    
   73.30       1816.    
   73.40       1816.    
   73.50       1817.    
   73.60       1817.    
   73.70       1817.    
   73.80       1818.    
   73.90       1818.    
   74.00       1818.    
   74.10       1818.    
   74.20       1819.    
   74.30       1819.    
   74.40       1819.    
   74.50       1820.    
   74.60       1820.    
   74.70       1820.    
   74.80       1821.    
   74.90       1821.    
   75.00       1821.    
   75.10       1822.    
   75.20       1822.    
   75.30       1822.    
   75.40       1823.    
   75.50       1823.    
   75.60       1823.    
   75.70       1823.    
   75.80       1824.    
   75.90       1824.    
   76.00       1824.    
   76.10       1825.    
   76.20       1825.    
   76.30       1825.    
   76.40       1826.    
   76.50       1826.    
   76.60       1826.    
   76.70       1826.    
   76.80       1827.    
   76.90       1827.    
   77.00       1827.    
   77.10       1828.    
   77.20       1828.    
   77.30       1828.    
   77.40       1829.    
   77.50       1829.    
   77.60       1829.    
   77.70       1829.    
   77.80       1830.    
   77.90       1830.    
   78.00       1830.    
   78.10       1831.    
   78.20       1831.    
   78.30       1831.    
   78.40       1831.    
   78.50       1832.    
   78.60       1832.    
   78.70       1832.    
   78.80       1833.    
   78.90       1833.    
   79.00       1833.    
   79.10       1833.    
   79.20       1834.    
   79.30       1834.    
   79.40       1834.    
   79.50       1834.    
   79.60       1835.    
   79.70       1835.    
   79.80       1835.    
   79.90       1836.    
   80.00       1836.    
   80.10       1836.    
   80.20       1836.    
   80.30       1837.    
   80.40       1837.    
   80.50       1837.    
   80.60       1837.    
   80.70       1838.    
   80.80       1838.    
   80.90       1838.    
   81.00       1838.    
   81.10       1839.    
   81.20       1839.    
   81.30       1839.    
   81.40       1840.    
   81.50       1840.    
   81.60       1840.    
   81.70       1840.    
   81.80       1841.    
   81.90       1841.    
   82.00       1841.    
   82.10       1841.    
   82.20       1842.    
   82.30       1842.    
   82.40       1842.    
   82.50       1842.    
   82.60       1843.    
   82.70       1843.    
   82.80       1843.    
   82.90       1843.    
   83.00       1844.    
   83.10       1844.    
   83.20       1844.    
   83.30       1844.    
   83.40       1845.    
   83.50       1845.    
   83.60       1845.    
   83.70       1845.    
   83.80       1846.    
   83.90       1846.    
   84.00       1846.    
   84.10       1846.    
   84.20       1846.    
   84.30       1847.    
   84.40       1847.    
   84.50       1847.    
   84.60       1847.    
   84.70       1848.    
   84.80       1848.    
   84.90       1848.    
   85.00       1848.    
   85.10       1849.    
   85.20       1849.    
   85.30       1849.    
   85.40       1849.    
   85.50       1850.    
   85.60       1850.    
   85.70       1850.    
   85.80       1850.    
   85.90       1850.    
   86.00       1851.    
   86.10       1851.    
   86.20       1851.    
   86.30       1851.    
   86.40       1852.    
   86.50       1852.    
   86.60       1852.    
   86.70       1852.    
   86.80       1852.    
   86.90       1853.    
   87.00       1853.    
   87.10       1853.    
   87.20       1853.    
   87.30       1854.    
   87.40       1854.    
   87.50       1854.    
   87.60       1854.    
   87.70       1854.    
   87.80       1855.    
   87.90       1855.    
   88.00       1855.    
   88.10       1855.    
   88.20       1855.    
   88.30       1856.    
   88.40       1856.    
   88.50       1856.    
   88.60       1856.    
   88.70       1857.    
   88.80       1857.    
   88.90       1857.    
   89.00       1857.    
   89.10       1857.    
   89.20       1858.    
   89.30       1858.    
   89.40       1858.    
   89.50       1858.    
   89.60       1858.    
   89.70       1859.    
   89.80       1859.    
   89.90       1859.    
   90.00       1859.    
   90.10       1859.    
   90.20       1860.    
   90.30       1860.    
   90.40       1860.    
   90.50       1860.    
   90.60       1860.    
   90.70       1861.    
   90.80       1861.    
   90.90       1861.    
   91.00       1861.    
   91.10       1861.    
   91.20       1862.    
   91.30       1862.    
   91.40       1862.    
   91.50       1862.    
   91.60       1862.    
   91.70       1862.    
   91.80       1863.    
   91.90       1863.    
   92.00       1863.    
   92.10       1863.    
   92.20       1863.    
   92.30       1864.    
   92.40       1864.    
   92.50       1864.    
   92.60       1864.    
   92.70       1864.    
   92.80       1865.    
   92.90       1865.    
   93.00       1865.    
   93.10       1865.    
   93.20       1865.    
   93.30       1865.    
   93.40       1866.    
   93.50       1866.    
   93.60       1866.    
   93.70       1866.    
   93.80       1866.    
   93.90       1867.    
   94.00       1867.    
   94.10       1867.    
   94.20       1867.    
   94.30       1867.    
   94.40       1867.    
   94.50       1868.    
   94.60       1868.    
   94.70       1868.    
   94.80       1868.    
   94.90       1868.    
   95.00       1868.    
   95.10       1869.    
   95.20       1869.    
   95.30       1869.    
   95.40       1869.    
   95.50       1869.    
   95.60       1869.    
   95.70       1870.    
   95.80       1870.    
   95.90       1870.    
   96.00       1870.    
   96.10       1870.    
   96.20       1870.    
   96.30       1871.    
   96.40       1871.    
   96.50       1871.    
   96.60       1871.    
   96.70       1871.    
   96.80       1871.    
   96.90       1872.    
   97.00       1872.    
   97.10       1872.    
   97.20       1872.    
   97.30       1872.    
   97.40       1872.    
   97.50       1873.    
   97.60       1873.    
   97.70       1873.    
   97.80       1873.    
   97.90       1873.    
   98.00       1873.    
   98.10       1874.    
   98.20       1874.    
   98.30       1874.    
   98.40       1874.    
   98.50       1874.    
   98.60       1874.    
   98.70       1874.    
   98.80       1875.    
   98.90       1875.    
   99.00       1875.    
   99.10       1875.    
   99.20       1875.    
   99.30       1875.    
   99.40       1876.    
   99.50       1876.    
   99.60       1876.    
   99.70       1876.    
   99.80       1876.    
   99.90       1876.    
   100.0       1876.    
   100.1       1877.    
   100.2       1877.    
   100.3       1877.    
   100.4       1877.    
   100.5       1877.    
   100.6       1877.    
   100.7       1877.    
   100.8       1878.    
   100.9       1878.    
   101.0       1878.    
   101.1       1878.    
   101.2       1878.    
   101.3       1878.    
   101.4       1878.    
   101.5       1879.    
   101.6       1879.    
   101.7       1879.    
   101.8       1879.    
   101.9       1879.    
   102.0       1879.    
   102.1       1879.    
   102.2       1880.    
   102.3       1880.    
   102.4       1880.    
   102.5       1880.    
   102.6       1880.    
   102.7       1880.    
   102.8       1880.    
   102.9       1880.    
   103.0       1881.    
   103.1       1881.    
   103.2       1881.    
   103.3       1881.    
   103.4       1881.    
   103.5       1881.    
   103.6       1881.    
   103.7       1882.    
   103.8       1882.    
   103.9       1882.    
   104.0       1882.    
   104.1       1882.    
   104.2       1882.    
   104.3       1882.    
   104.4       1882.    
   104.5       1883.    
   104.6       1883.    
   104.7       1883.    
   104.8       1883.    
   104.9       1883.    
   105.0       1883.    
   105.1       1883.    
   105.2       1883.    
   105.3       1884.    
   105.4       1884.    
   105.5       1884.    
   105.6       1884.    
   105.7       1884.    
   105.8       1884.    
   105.9       1884.    
   106.0       1884.    
   106.1       1885.    
   106.2       1885.    
   106.3       1885.    
   106.4       1885.    
   106.5       1885.    
   106.6       1885.    
   106.7       1885.    
   106.8       1885.    
   106.9       1886.    
   107.0       1886.    
   107.1       1886.    
   107.2       1886.    
   107.3       1886.    
   107.4       1886.    
   107.5       1886.    
   107.6       1886.    
   107.7       1886.    
   107.8       1887.    
   107.9       1887.    
   108.0       1887.    
   108.1       1887.    
   108.2       1887.    
   108.3       1887.    
   108.4       1887.    
   108.5       1887.    
   108.6       1887.    
   108.7       1888.    
   108.8       1888.    
   108.9       1888.    
   109.0       1888.    
   109.1       1888.    
   109.2       1888.    
   109.3       1888.    
   109.4       1888.    
   109.5       1888.    
   109.6       1889.    
   109.7       1889.    
   109.8       1889.    
   109.9       1889.    
   110.0       1889.    
   110.1       1889.    
   110.2       1889.    
   110.3       1889.    
   110.4       1889.    
   110.5       1890.    
   110.6       1890.    
   110.7       1890.    
   110.8       1890.    
   110.9       1890.    
   111.0       1890.    
   111.1       1890.    
   111.2       1890.    
   111.3       1890.    
   111.4       1891.    
   111.5       1891.    
   111.6       1891.    
   111.7       1891.    
   111.8       1891.    
   111.9       1891.    
   112.0       1891.    
   112.1       1891.    
   112.2       1891.    
   112.3       1891.    
   112.4       1892.    
   112.5       1892.    
   112.6       1892.    
   112.7       1892.    
   112.8       1892.    
   112.9       1892.    
   113.0       1892.    
   113.1       1892.    
   113.2       1892.    
   113.3       1892.    
   113.4       1893.    
   113.5       1893.    
   113.6       1893.    
   113.7       1893.    
   113.8       1893.    
   113.9       1893.    
   114.0       1893.    
   114.1       1893.    
   114.2       1893.    
   114.3       1893.    
   114.4       1893.    
   114.5       1894.    
   114.6       1894.    
   114.7       1894.    
   114.8       1894.    
   114.9       1894.    
   115.0       1894.    
   115.1       1894.    
   115.2       1894.    
   115.3       1894.    
   115.4       1894.    
   115.5       1894.    
   115.6       1895.    
   115.7       1895.    
   115.8       1895.    
   115.9       1895.    
   116.0       1895.    
   116.1       1895.    
   116.2       1895.    
   116.3       1895.    
   116.4       1895.    
   116.5       1895.    
   116.6       1895.    
   116.7       1896.    
   116.8       1896.    
   116.9       1896.    
   117.0       1896.    
   117.1       1896.    
   117.2       1896.    
   117.3       1896.    
   117.4       1896.    
   117.5       1896.    
   117.6       1896.    
   117.7       1896.    
   117.8       1896.    
   117.9       1897.    
   118.0       1897.    
   118.1       1897.    
   118.2       1897.    
   118.3       1897.    
   118.4       1897.    
   118.5       1897.    
   118.6       1897.    
   118.7       1897.    
   118.8       1897.    
   118.9       1897.    
   119.0       1897.    
   119.1       1898.    
   119.2       1898.    
   119.3       1898.    
   119.4       1898.    
   119.5       1898.    
   119.6       1898.    
   119.7       1898.    
   119.8       1898.    
   119.9       1898.    
   120.0       1898.    
   120.1       1898.    
   120.2       1898.    
   120.3       1899.    
   120.4       1899.    
   120.5       1899.    
   120.6       1899.    
   120.7       1899.    
   120.8       1899.    
   120.9       1899.    
   121.0       1899.    
   121.1       1899.    
   121.2       1899.    
   121.3       1899.    
   121.4       1899.    
   121.5       1899.    
   121.6       1899.    
   121.7       1900.    
   121.8       1900.    
   121.9       1900.    
   122.0       1900.    
   122.1       1900.    
   122.2       1900.    
   122.3       1900.    
   122.4       1900.    
   122.5       1900.    
   122.6       1900.    
   122.7       1900.    
   122.8       1900.    
   122.9       1900.    
   123.0       1901.    
   123.1       1901.    
   123.2       1901.    
   123.3       1901.    
   123.4       1901.    
   123.5       1901.    
   123.6       1901.    
   123.7       1901.    
   123.8       1901.    
   123.9       1901.    
   124.0       1901.    
   124.1       1901.    
   124.2       1901.    
   124.3       1901.    
   124.4       1901.    
   124.5       1902.    
   124.6       1902.    
   124.7       1902.    
   124.8       1902.    
   124.9       1902.    
   125.0       1902.    
   125.1       1902.    
   125.2       1902.    
   125.3       1902.    
   125.4       1902.    
   125.5       1902.    
   125.6       1902.    
   125.7       1902.    
   125.8       1902.    
   125.9       1902.    
   126.0       1903.    
   126.1       1903.    
   126.2       1903.    
   126.3       1903.    
   126.4       1903.    
   126.5       1903.    
   126.6       1903.    
   126.7       1903.    
   126.8       1903.    
   126.9       1903.    
   127.0       1903.    
   127.1       1903.    
   127.2       1903.    
   127.3       1903.    
   127.4       1903.    
   127.5       1903.    
   127.6       1904.    
   127.7       1904.    
   127.8       1904.    
   127.9       1904.    
   128.0       1904.    
   128.1       1904.    
   128.2       1904.    
   128.3       1904.    
   128.4       1904.    
   128.5       1904.    
   128.6       1904.    
   128.7       1904.    
   128.8       1904.    
   128.9       1904.    
   129.0       1904.    
   129.1       1904.    
   129.2       1905.    
   129.3       1905.    
   129.4       1905.    
   129.5       1905.    
   129.6       1905.    
   129.7       1905.    
   129.8       1905.    
   129.9       1905.    
   130.0       1905.    
   130.1       1905.    
   130.2       1905.    
   130.3       1905.    
   130.4       1905.    
   130.5       1905.    
   130.6       1905.    
   130.7       1905.    
   130.8       1905.    
   130.9       1905.    
   131.0       1906.    
   131.1       1906.    
   131.2       1906.    
   131.3       1906.    
   131.4       1906.    
   131.5       1906.    
   131.6       1906.    
   131.7       1906.    
   131.8       1906.    
   131.9       1906.    
   132.0       1906.    
   132.1       1906.    
   132.2       1906.    
   132.3       1906.    
   132.4       1906.    
   132.5       1906.    
   132.6       1906.    
   132.7       1906.    
   132.8       1906.    
   132.9       1907.    
   133.0       1907.    
   133.1       1907.    
   133.2       1907.    
   133.3       1907.    
   133.4       1907.    
   133.5       1907.    
   133.6       1907.    
   133.7       1907.    
   133.8       1907.    
   133.9       1907.    
   134.0       1907.    
   134.1       1907.    
   134.2       1907.    
   134.3       1907.    
   134.4       1907.    
   134.5       1907.    
   134.6       1907.    
   134.7       1907.    
   134.8       1907.    
   134.9       1908.    
   135.0       1908.    
   135.1       1908.    
   135.2       1908.    
   135.3       1908.    
   135.4       1908.    
   135.5       1908.    
   135.6       1908.    
   135.7       1908.    
   135.8       1908.    
   135.9       1908.    
   136.0       1908.    
   136.1       1908.    
   136.2       1908.    
   136.3       1908.    
   136.4       1908.    
   136.5       1908.    
   136.6       1908.    
   136.7       1908.    
   136.8       1908.    
   136.9       1908.    
   137.0       1908.    
   137.1       1909.    
   137.2       1909.    
   137.3       1909.    
   137.4       1909.    
   137.5       1909.    
   137.6       1909.    
   137.7       1909.    
   137.8       1909.    
   137.9       1909.    
   138.0       1909.    
   138.1       1909.    
   138.2       1909.    
   138.3       1909.    
   138.4       1909.    
   138.5       1909.    
   138.6       1909.    
   138.7       1909.    
   138.8       1909.    
   138.9       1909.    
   139.0       1909.    
   139.1       1909.    
   139.2       1909.    
   139.3       1909.    
   139.4       1910.    
   139.5       1910.    
   139.6       1910.    
   139.7       1910.    
   139.8       1910.    
   139.9       1910.    
   140.0       1910.    
   140.1       1910.    
   140.2       1910.    
   140.3       1910.    
   140.4       1910.    
   140.5       1910.    
   140.6       1910.    
   140.7       1910.    
   140.8       1910.    
   140.9       1910.    
   141.0       1910.    
   141.1       1910.    
   141.2       1910.    
   141.3       1910.    
   141.4       1910.    
   141.5       1910.    
   141.6       1910.    
   141.7       1910.    
   141.8       1910.    
   141.9       1910.    
   142.0       1911.    
   142.1       1911.    
   142.2       1911.    
   142.3       1911.    
   142.4       1911.    
   142.5       1911.    
   142.6       1911.    
   142.7       1911.    
   142.8       1911.    
   142.9       1911.    
   143.0       1911.    
   143.1       1911.    
   143.2       1911.    
   143.3       1911.    
   143.4       1911.    
   143.5       1911.    
   143.6       1911.    
   143.7       1911.    
   143.8       1911.    
   143.9       1911.    
   144.0       1911.    
   144.1       1911.    
   144.2       1911.    
   144.3       1911.    
   144.4       1911.    
   144.5       1911.    
   144.6       1911.    
   144.7       1911.    
   144.8       1912.    
   144.9       1912.    
   145.0       1912.    
   145.1       1912.    
   145.2       1912.    
   145.3       1912.    
   145.4       1912.    
   145.5       1912.    
   145.6       1912.    
   145.7       1912.    
   145.8       1912.    
   145.9       1912.    
   146.0       1912.    
   146.1       1912.    
   146.2       1912.    
   146.3       1912.    
   146.4       1912.    
   146.5       1912.    
   146.6       1912.    
   146.7       1912.    
   146.8       1912.    
   146.9       1912.    
   147.0       1912.    
   147.1       1912.    
   147.2       1912.    
   147.3       1912.    
   147.4       1912.    
   147.5       1912.    
   147.6       1912.    
   147.7       1912.    
   147.8       1912.    
   147.9       1912.    
   148.0       1913.    
   148.1       1913.    
   148.2       1913.    
   148.3       1913.    
   148.4       1913.    
   148.5       1913.    
   148.6       1913.    
   148.7       1913.    
   148.8       1913.    
   148.9       1913.    
   149.0       1913.    
   149.1       1913.    
   149.2       1913.    
   149.3       1913.    
   149.4       1913.    
   149.5       1913.    
   149.6       1913.    
   149.7       1913.    
   149.8       1913.    
   149.9       1913.    
   150.0       1913.    
   150.1       1913.    
   150.2       1913.    
   150.3       1913.    
   150.4       1913.    
   150.5       1913.    
   150.6       1913.    
   150.7       1913.    
   150.8       1913.    
   150.9       1913.    
   151.0       1913.    
   151.1       1913.    
   151.2       1913.    
   151.3       1913.    
   151.4       1913.    
   151.5       1913.    
   151.6       1913.    
   151.7       1914.    
   151.8       1914.    
   151.9       1914.    
   152.0       1914.    
   152.1       1914.    
   152.2       1914.    
   152.3       1914.    
   152.4       1914.    
   152.5       1914.    
   152.6       1914.    
   152.7       1914.    
   152.8       1914.    
   152.9       1914.    
   153.0       1914.    
   153.1       1914.    
   153.2       1914.    
   153.3       1914.    
   153.4       1914.    
   153.5       1914.    
   153.6       1914.    
   153.7       1914.    
   153.8       1914.    
   153.9       1914.    
   154.0       1914.    
   154.1       1914.    
   154.2       1914.    
   154.3       1914.    
   154.4       1914.    
   154.5       1914.    
   154.6       1914.    
   154.7       1914.    
   154.8       1914.    
   154.9       1914.    
   155.0       1914.    
   155.1       1914.    
   155.2       1914.    
   155.3       1914.    
   155.4       1914.    
   155.5       1914.    
   155.6       1914.    
   155.7       1914.    
   155.8       1914.    
   155.9       1914.    
   156.0       1915.    
   156.1       1915.    
   156.2       1915.    
   156.3       1915.    
   156.4       1915.    
   156.5       1915.    
   156.6       1915.    
   156.7       1915.    
   156.8       1915.    
   156.9       1915.    
   157.0       1915.    
   157.1       1915.    
   157.2       1915.    
   157.3       1915.    
   157.4       1915.    
   157.5       1915.    
   157.6       1915.    
   157.7       1915.    
   157.8       1915.    
   157.9       1915.    
   158.0       1915.    
   158.1       1915.    
   158.2       1915.    
   158.3       1915.    
   158.4       1915.    
   158.5       1915.    
   158.6       1915.    
   158.7       1915.    
   158.8       1915.    
   158.9       1915.    
   159.0       1915.    
   159.1       1915.    
   159.2       1915.    
   159.3       1915.    
   159.4       1915.    
   159.5       1915.    
   159.6       1915.    
   159.7       1915.    
   159.8       1915.    
   159.9       1915.    
   160.0       1915.    
   160.1       1915.    
   160.2       1915.    
   160.3       1915.    
   160.4       1915.    
   160.5       1915.    
   160.6       1915.    
   160.7       1915.    
   160.8       1915.    
   160.9       1915.    
   161.0       1915.    
   161.1       1915.    
   161.2       1915.    
   161.3       1915.    
   161.4       1915.    
   161.5       1915.    
   161.6       1916.    
   161.7       1916.    
   161.8       1916.    
   161.9       1916.    
   162.0       1916.    
   162.1       1916.    
   162.2       1916.    
   162.3       1916.    
   162.4       1916.    
   162.5       1916.    
   162.6       1916.    
   162.7       1916.    
   162.8       1916.    
   162.9       1916.    
   163.0       1916.    
   163.1       1916.    
   163.2       1916.    
   163.3       1916.    
   163.4       1916.    
   163.5       1916.    
   163.6       1916.    
   163.7       1916.    
   163.8       1916.    
   163.9       1916.    
   164.0       1916.    
   164.1       1916.    
   164.2       1916.    
   164.3       1916.    
   164.4       1916.    
   164.5       1916.    
   164.6       1916.    
   164.7       1916.    
   164.8       1916.    
   164.9       1916.    
   165.0       1916.    
   165.1       1916.    
   165.2       1916.    
   165.3       1916.    
   165.4       1916.    
   165.5       1916.    
   165.6       1916.    
   165.7       1916.    
   165.8       1916.    
   165.9       1916.    
   166.0       1916.    
   166.1       1916.    
   166.2       1916.    
   166.3       1916.    
   166.4       1916.    
   166.5       1916.    
   166.6       1916.    
   166.7       1916.    
   166.8       1916.    
   166.9       1916.    
   167.0       1916.    
   167.1       1916.    
   167.2       1916.    
   167.3       1916.    
   167.4       1916.    
   167.5       1916.    
   167.6       1916.    
   167.7       1916.    
   167.8       1916.    
   167.9       1916.    
   168.0       1916.    
   168.1       1916.    
   168.2       1916.    
   168.3       1916.    
   168.4       1916.    
   168.5       1916.    
   168.6       1916.    
   168.7       1916.    
   168.8       1916.    
   168.9       1916.    
   169.0       1916.    
   169.1       1916.    
   169.2       1916.    
   169.3       1916.    
   169.4       1916.    
   169.5       1916.    
   169.6       1916.    
   169.7       1916.    
   169.8       1916.    
   169.9       1916.    
   170.0       1916.    
   170.1       1916.    
   170.2       1916.    
   170.3       1916.    
   170.4       1917.    
   170.5       1917.    
   170.6       1917.    
   170.7       1917.    
   170.8       1917.    
   170.9       1917.    
   171.0       1917.    
   171.1       1917.    
   171.2       1917.    
   171.3       1917.    
   171.4       1917.    
   171.5       1917.    
   171.6       1917.    
   171.7       1917.    
   171.8       1917.    
   171.9       1917.    
   172.0       1917.    
   172.1       1917.    
   172.2       1917.    
   172.3       1917.    
   172.4       1917.    
   172.5       1917.    
   172.6       1917.    
   172.7       1917.    
   172.8       1917.    
   172.9       1917.    
   173.0       1917.    
   173.1       1917.    
   173.2       1917.    
   173.3       1917.    
   173.4       1917.    
   173.5       1917.    
   173.6       1917.    
   173.7       1917.    
   173.8       1917.    
   173.9       1917.    
   174.0       1917.    
   174.1       1917.    
   174.2       1917.    
   174.3       1917.    
   174.4       1917.    
   174.5       1917.    
   174.6       1917.    
   174.7       1917.    
   174.8       1917.    
   174.9       1917.    
   175.0       1917.    
   175.1       1917.    
   175.2       1917.    
   175.3       1917.    
   175.4       1917.    
   175.5       1917.    
   175.6       1917.    
   175.7       1917.    
   175.8       1917.    
   175.9       1917.    
   176.0       1917.    
   176.1       1917.    
   176.2       1917.    
   176.3       1917.    
   176.4       1917.    
   176.5       1917.    
   176.6       1917.    
   176.7       1917.    
   176.8       1917.    
   176.9       1917.    
   177.0       1917.    
   177.1       1917.    
   177.2       1917.    
   177.3       1917.    
   177.4       1917.    
   177.5       1917.    
   177.6       1917.    
   177.7       1917.    
   177.8       1917.    
   177.9       1917.    
   178.0       1917.    
   178.1       1917.    
   178.2       1917.    
   178.3       1917.    
   178.4       1917.    
   178.5       1917.    
   178.6       1917.    
   178.7       1917.    
   178.8       1917.    
   178.9       1917.    
   179.0       1917.    
   179.1       1917.    
   179.2       1917.    
   179.3       1917.    
   179.4       1917.    
   179.5       1917.    
   179.6       1917.    
   179.7       1917.    
   179.8       1917.    
   179.9       1917.    
   180.0       1917.    
 END
