# JLM, r, real, imaginary
   0.050  -3.4906274E+02  -3.0558253E+01
   0.100  -3.4882979E+02  -3.0553966E+01
   0.150  -3.4844187E+02  -3.0546794E+01
   0.200  -3.4789948E+02  -3.0536700E+01
   0.250  -3.4720330E+02  -3.0523630E+01
   0.300  -3.4635421E+02  -3.0507516E+01
   0.350  -3.4535328E+02  -3.0488275E+01
   0.400  -3.4420178E+02  -3.0465811E+01
   0.450  -3.4290116E+02  -3.0440014E+01
   0.500  -3.4145305E+02  -3.0410764E+01
   0.550  -3.3985926E+02  -3.0377927E+01
   0.600  -3.3812179E+02  -3.0341358E+01
   0.650  -3.3624280E+02  -3.0300904E+01
   0.700  -3.3422461E+02  -3.0256402E+01
   0.750  -3.3206972E+02  -3.0207680E+01
   0.800  -3.2978077E+02  -3.0154561E+01
   0.850  -3.2736057E+02  -3.0096862E+01
   0.900  -3.2481207E+02  -3.0034394E+01
   0.950  -3.2213834E+02  -2.9966966E+01
   1.000  -3.1934262E+02  -2.9894383E+01
   1.050  -3.1642826E+02  -2.9816452E+01
   1.100  -3.1339871E+02  -2.9732977E+01
   1.150  -3.1025757E+02  -2.9643763E+01
   1.200  -3.0700853E+02  -2.9548621E+01
   1.250  -3.0365538E+02  -2.9447360E+01
   1.300  -3.0020200E+02  -2.9339799E+01
   1.350  -2.9665236E+02  -2.9225760E+01
   1.400  -2.9301053E+02  -2.9105070E+01
   1.450  -2.8928061E+02  -2.8977568E+01
   1.500  -2.8546679E+02  -2.8843098E+01
   1.550  -2.8157331E+02  -2.8701515E+01
   1.600  -2.7760446E+02  -2.8552685E+01
   1.650  -2.7356458E+02  -2.8396484E+01
   1.700  -2.6945803E+02  -2.8232800E+01
   1.750  -2.6528920E+02  -2.8061536E+01
   1.800  -2.6106252E+02  -2.7882605E+01
   1.850  -2.5678239E+02  -2.7695936E+01
   1.900  -2.5245327E+02  -2.7501471E+01
   1.950  -2.4807957E+02  -2.7299170E+01
   2.000  -2.4366573E+02  -2.7089004E+01
   2.050  -2.3921615E+02  -2.6870962E+01
   2.100  -2.3473522E+02  -2.6645048E+01
   2.150  -2.3022730E+02  -2.6411284E+01
   2.200  -2.2569671E+02  -2.6169704E+01
   2.250  -2.2114775E+02  -2.5920364E+01
   2.300  -2.1658465E+02  -2.5663331E+01
   2.350  -2.1201162E+02  -2.5398691E+01
   2.400  -2.0743277E+02  -2.5126545E+01
   2.450  -2.0285219E+02  -2.4847012E+01
   2.500  -1.9827388E+02  -2.4560225E+01
   2.550  -1.9370178E+02  -2.4266334E+01
   2.600  -1.8913973E+02  -2.3965502E+01
   2.650  -1.8459153E+02  -2.3657910E+01
   2.700  -1.8006085E+02  -2.3343751E+01
   2.750  -1.7555131E+02  -2.3023235E+01
   2.800  -1.7106641E+02  -2.2696584E+01
   2.850  -1.6660956E+02  -2.2364033E+01
   2.900  -1.6218408E+02  -2.2025830E+01
   2.950  -1.5779318E+02  -2.1682238E+01
   3.000  -1.5343995E+02  -2.1333528E+01
   3.050  -1.4912739E+02  -2.0979983E+01
   3.100  -1.4485838E+02  -2.0621897E+01
   3.150  -1.4063569E+02  -2.0259573E+01
   3.200  -1.3646198E+02  -1.9893325E+01
   3.250  -1.3233976E+02  -1.9523472E+01
   3.300  -1.2827146E+02  -1.9150343E+01
   3.350  -1.2425937E+02  -1.8774273E+01
   3.400  -1.2030565E+02  -1.8395602E+01
   3.450  -1.1641235E+02  -1.8014678E+01
   3.500  -1.1258139E+02  -1.7631849E+01
   3.550  -1.0881456E+02  -1.7247471E+01
   3.600  -1.0511354E+02  -1.6861899E+01
   3.650  -1.0147985E+02  -1.6475493E+01
   3.700  -9.7914930E+01  -1.6088612E+01
   3.750  -9.4420056E+01  -1.5701615E+01
   3.800  -9.0996398E+01  -1.5314862E+01
   3.850  -8.7644993E+01  -1.4928710E+01
   3.900  -8.4366758E+01  -1.4543513E+01
   3.950  -8.1162486E+01  -1.4159625E+01
   4.000  -7.8032847E+01  -1.3777391E+01
   4.050  -7.4978392E+01  -1.3397156E+01
   4.100  -7.1999552E+01  -1.3019257E+01
   4.150  -6.9096644E+01  -1.2644023E+01
   4.200  -6.6269867E+01  -1.2271779E+01
   4.250  -6.3519310E+01  -1.1902840E+01
   4.300  -6.0844952E+01  -1.1537513E+01
   4.350  -5.8246663E+01  -1.1176095E+01
   4.400  -5.5724211E+01  -1.0818873E+01
   4.450  -5.3277262E+01  -1.0466125E+01
   4.500  -5.0905383E+01  -1.0118115E+01
   4.550  -4.8608048E+01  -9.7750967E+00
   4.600  -4.6384637E+01  -9.4373116E+00
   4.650  -4.4234447E+01  -9.1049880E+00
   4.700  -4.2156687E+01  -8.7783408E+00
   4.750  -4.0150490E+01  -8.4575717E+00
   4.800  -3.8214910E+01  -8.1428681E+00
   4.850  -3.6348932E+01  -7.8344032E+00
   4.900  -3.4551473E+01  -7.5323357E+00
   4.950  -3.2821388E+01  -7.2368099E+00
   5.000  -3.1157472E+01  -6.9479548E+00
   5.050  -2.9558466E+01  -6.6658850E+00
   5.100  -2.8023064E+01  -6.3907000E+00
   5.150  -2.6549911E+01  -6.1224843E+00
   5.200  -2.5137614E+01  -5.8613078E+00
   5.250  -2.3784744E+01  -5.6072255E+00
   5.300  -2.2489837E+01  -5.3602782E+00
   5.350  -2.1251407E+01  -5.1204922E+00
   5.400  -2.0067939E+01  -4.8878800E+00
   5.450  -1.8937903E+01  -4.6624402E+00
   5.500  -1.7859752E+01  -4.4441583E+00
   5.550  -1.6831931E+01  -4.2330069E+00
   5.600  -1.5852877E+01  -4.0289460E+00
   5.650  -1.4921021E+01  -3.8319240E+00
   5.700  -1.4034800E+01  -3.6418774E+00
   5.750  -1.3192652E+01  -3.4587322E+00
   5.800  -1.2393024E+01  -3.2824038E+00
   5.850  -1.1634372E+01  -3.1127981E+00
   5.900  -1.0915168E+01  -2.9498117E+00
   5.950  -1.0233900E+01  -2.7933328E+00
   6.000  -9.5890753E+00  -2.6432418E+00
   6.050  -8.9792237E+00  -2.4994119E+00
   6.100  -8.4028989E+00  -2.3617097E+00
   6.150  -7.8586813E+00  -2.2299960E+00
   6.200  -7.3451797E+00  -2.1041262E+00
   6.250  -6.8610332E+00  -1.9839513E+00
   6.300  -6.4049124E+00  -1.8693184E+00
   6.350  -5.9755215E+00  -1.7600710E+00
   6.400  -5.5715986E+00  -1.6560502E+00
   6.450  -5.1919177E+00  -1.5570948E+00
   6.500  -4.8352888E+00  -1.4630423E+00
   6.550  -4.5005588E+00  -1.3737288E+00
   6.600  -4.1866123E+00  -1.2889903E+00
   6.650  -3.8923716E+00  -1.2086628E+00
   6.700  -3.6167972E+00  -1.1325828E+00
   6.750  -3.3588877E+00  -1.0605876E+00
   6.800  -3.1176798E+00  -9.9251616E-01
   6.850  -2.8922482E+00  -9.2820910E-01
   6.900  -2.6817053E+00  -8.6750922E-01
   6.950  -2.4852006E+00  -8.1026180E-01
   7.000  -2.3019205E+00  -7.5631490E-01
   7.050  -2.1310875E+00  -7.0551963E-01
   7.100  -1.9719597E+00  -6.5773043E-01
   7.150  -1.8238298E+00  -6.1280524E-01
   7.200  -1.6860246E+00  -5.7060568E-01
   7.250  -1.5579039E+00  -5.3099727E-01
   7.300  -1.4388600E+00  -4.9384949E-01
   7.350  -1.3283160E+00  -4.5903594E-01
   7.400  -1.2257257E+00  -4.2643440E-01
   7.450  -1.1305719E+00  -3.9592689E-01
   7.500  -1.0423657E+00  -3.6739972E-01
   7.550  -9.6064552E-01  -3.4074351E-01
   7.600  -8.8497577E-01  -3.1585318E-01
   7.650  -8.1494608E-01  -2.9262796E-01
   7.700  -7.5017007E-01  -2.7097132E-01
   7.750  -6.9028441E-01  -2.5079096E-01
   7.800  -6.3494772E-01  -2.3199872E-01
   7.850  -5.8383959E-01  -2.1451053E-01
   7.900  -5.3665957E-01  -1.9824635E-01
   7.950  -4.9312616E-01  -1.8313001E-01
   8.000  -4.5297589E-01  -1.6908919E-01
   8.050  -4.1596239E-01  -1.5605528E-01
   8.100  -3.8185543E-01  -1.4396325E-01
   8.150  -3.5044010E-01  -1.3275156E-01
   8.200  -3.2151592E-01  -1.2236207E-01
   8.250  -2.9489604E-01  -1.1273985E-01
   8.300  -2.7040644E-01  -1.0383310E-01
   8.350  -2.4788519E-01  -9.5593042E-02
   8.400  -2.2718173E-01  -8.7973743E-02
   8.450  -2.0815611E-01  -8.0932037E-02
   8.500  -1.9067845E-01  -7.4427382E-02
   8.550  -1.7462817E-01  -6.8421740E-02
   8.600  -1.5989352E-01  -6.2879461E-02
   8.650  -1.4637090E-01  -5.7767157E-02
   8.700  -1.3396441E-01  -5.3053596E-02
   8.750  -1.2258527E-01  -4.8709583E-02
   8.800  -1.1215139E-01  -4.4707855E-02
   8.850  -1.0258687E-01  -4.1022972E-02
   8.900  -9.3821597E-02  -3.7631217E-02
   8.950  -8.5790845E-02  -3.4510496E-02
   9.000  -7.8434873E-02  -3.1640244E-02
   9.050  -7.1698582E-02  -2.9001334E-02
   9.100  -6.5531179E-02  -2.6575988E-02
   9.150  -5.9885860E-02  -2.4347699E-02
   9.200  -5.4719522E-02  -2.2301142E-02
   9.250  -4.9992483E-02  -2.0422110E-02
   9.300  -4.5668230E-02  -1.8697431E-02
   9.350  -4.1713180E-02  -1.7114910E-02
   9.400  -3.8096457E-02  -1.5663255E-02
   9.450  -3.4789685E-02  -1.4332023E-02
   9.500  -3.1766795E-02  -1.3111559E-02
   9.550  -2.9003848E-02  -1.1992942E-02
   9.600  -2.6478867E-02  -1.0967934E-02
   9.650  -2.4171686E-02  -1.0028932E-02
   9.700  -2.2063803E-02  -9.1689230E-03
   9.750  -2.0138251E-02  -8.3814400E-03
   9.800  -1.8379473E-02  -7.6605245E-03
   9.850  -1.6773212E-02  -7.0006876E-03
   9.900  -1.5306405E-02  -6.3968761E-03
   9.950  -1.3967085E-02  -5.8444395E-03
  10.000  -1.2744293E-02  -5.3391002E-03
  10.050  -1.1627994E-02  -4.8769247E-03
  10.100  -1.0609005E-02  -4.4542979E-03
  10.150  -9.6789214E-03  -4.0678981E-03
  10.200  -8.8300522E-03  -3.7146747E-03
  10.250  -8.0553635E-03  -3.3918268E-03
  10.300  -7.3484217E-03  -3.0967839E-03
  10.350  -6.7033443E-03  -2.8271875E-03
  10.400  -6.1147530E-03  -2.5808744E-03
  10.450  -5.5777319E-03  -2.3558610E-03
  10.500  -5.0877880E-03  -2.1503292E-03
  10.550  -4.6408158E-03  -1.9626128E-03
  10.600  -4.2330645E-03  -1.7911854E-03
  10.650  -3.8611073E-03  -1.6346488E-03
  10.700  -3.5218145E-03  -1.4917227E-03
  10.750  -3.2123277E-03  -1.3612352E-03
  10.800  -2.9300369E-03  -1.2421135E-03
  10.850  -2.6725588E-03  -1.1333760E-03
  10.900  -2.4377179E-03  -1.0341247E-03
  10.950  -2.2235279E-03  -9.4353811E-04
  11.000  -2.0281763E-03  -8.6086504E-04
  11.050  -1.8500084E-03  -7.8541860E-04
  11.100  -1.6875145E-03  -7.1657085E-04
  11.150  -1.5393168E-03  -6.5374781E-04
  11.200  -1.4041584E-03  -5.9642494E-04
  11.250  -1.2808922E-03  -5.4412292E-04
  11.300  -1.1684719E-03  -4.9640384E-04
  11.350  -1.0659430E-03  -4.5286765E-04
  11.400  -9.7243487E-04  -4.1314895E-04
  11.450  -8.8715318E-04  -3.7691404E-04
  11.500  -8.0937355E-04  -3.4385816E-04
  11.550  -7.3843527E-04  -3.1370308E-04
  11.600  -6.7373573E-04  -2.8619474E-04
  11.650  -6.1472537E-04  -2.6110124E-04
  11.700  -5.6090299E-04  -2.3821088E-04
  11.750  -5.1181154E-04  -2.1733043E-04
  11.800  -4.6703421E-04  -1.9828355E-04
  11.850  -4.2619092E-04  -1.8090930E-04
  11.900  -3.8893510E-04  -1.6506082E-04
  11.950  -3.5495070E-04  -1.5060411E-04
  12.000  -3.2394958E-04  -1.3741691E-04
  12.050  -2.9566896E-04  -1.2538766E-04
  12.100  -2.6986928E-04  -1.1441459E-04
  12.150  -2.4633208E-04  -1.0440487E-04
  12.200  -2.2485820E-04  -9.5273798E-05
  12.250  -2.0526604E-04  -8.6944128E-05
  12.300  -1.8739002E-04  -7.9345394E-05
  12.350  -1.7107917E-04  -7.2413324E-05
  12.400  -1.5619585E-04  -6.6089296E-05
  12.450  -1.4261456E-04  -6.0319846E-05
  12.500  -1.3022087E-04  -5.5056212E-05
  12.550  -1.1891043E-04  -5.0253921E-05
  12.600  -1.0858811E-04  -4.5872417E-05
  12.650  -9.9167160E-05  -4.1874711E-05
  12.700  -9.0568469E-05  -3.8227073E-05
  12.750  -8.2719904E-05  -3.4898739E-05
  12.800  -7.5555685E-05  -3.1861656E-05
  12.850  -6.9015821E-05  -2.9090240E-05
  12.900  -6.3045606E-05  -2.6561159E-05
  12.950  -5.7595143E-05  -2.4253136E-05
  13.000  -5.2618930E-05  -2.2146767E-05
  13.050  -4.8075461E-05  -2.0224355E-05
  13.100  -4.3926883E-05  -1.8469761E-05
  13.150  -4.0138669E-05  -1.6868268E-05
  13.200  -3.6679324E-05  -1.5406450E-05
  13.250  -3.3520121E-05  -1.4072067E-05
  13.300  -3.0634855E-05  -1.2853952E-05
  13.350  -2.7999621E-05  -1.1741922E-05
  13.400  -2.5592611E-05  -1.0726689E-05
  13.450  -2.3393932E-05  -9.7997812E-06
  13.500  -2.1385434E-05  -8.9534721E-06
  13.550  -1.9550558E-05  -8.1807135E-06
  13.600  -1.7874195E-05  -7.4750767E-06
  13.650  -1.6342561E-05  -6.8306975E-06
  13.700  -1.4943077E-05  -6.2422266E-06
  13.750  -1.3664264E-05  -5.7047842E-06
  13.800  -1.2495649E-05  -5.2139186E-06
  13.850  -1.1427671E-05  -4.7655686E-06
  13.900  -1.0451606E-05  -4.3560291E-06
  13.950  -9.5594895E-06  -3.9819195E-06
  14.000  -8.7440538E-06  -3.6401556E-06
  14.050  -7.9986629E-06  -3.3279229E-06
  14.100  -7.3172594E-06  -3.0426536E-06
  14.150  -6.6943128E-06  -2.7820041E-06
  14.200  -6.1247738E-06  -2.5438359E-06
  14.250  -5.6040320E-06  -2.3261975E-06
  14.300  -5.1278776E-06  -2.1273075E-06
  14.350  -4.6924662E-06  -1.9455402E-06
  14.400  -4.2942871E-06  -1.7794118E-06
  14.450  -3.9301339E-06  -1.6275677E-06
  14.500  -3.5970785E-06  -1.4887713E-06
  14.550  -3.2924461E-06  -1.3618940E-06
  14.600  -3.0137938E-06  -1.2459052E-06
  14.650  -2.7588899E-06  -1.1398641E-06
  14.700  -2.5256960E-06  -1.0429115E-06
  14.750  -2.3123496E-06  -9.5426319E-07
  14.800  -2.1171495E-06  -8.7320287E-07
  14.850  -1.9385411E-06  -7.9907649E-07
  14.900  -1.7751041E-06  -7.3128674E-07
  14.950  -1.6255406E-06  -6.6928814E-07
  15.000  -1.4886646E-06  -6.1258246E-07
  15.050  -1.3633924E-06  -5.6071466E-07
  15.100  -1.2487332E-06  -5.1326906E-07
  15.150  -1.1437818E-06  -4.6986598E-07
  15.200  -1.0477104E-06  -4.3015855E-07
  15.250  -9.5976267E-07  -3.9382987E-07
  15.300  -8.7924685E-07  -3.6059044E-07
  15.350  -8.0553066E-07  -3.3017570E-07
  15.400  -7.3803594E-07  -3.0234394E-07
  15.450  -6.7623404E-07  -2.7687426E-07
  15.500  -6.1964153E-07  -2.5356481E-07
  15.550  -5.6781632E-07  -2.3223108E-07
  15.600  -5.2035409E-07  -2.1270445E-07
  15.650  -4.7688503E-07  -1.9483080E-07
  15.700  -4.3707091E-07  -1.7846923E-07
  15.750  -4.0060232E-07  -1.6349093E-07
  15.800  -3.6719624E-07  -1.4977815E-07
  15.850  -3.3659375E-07  -1.3722324E-07
  15.900  -3.0855796E-07  -1.2572775E-07
  15.950  -2.8287215E-07  -1.1520168E-07
  16.000  -2.5933803E-07  -1.0556270E-07
  16.050  -2.3777413E-07  -9.6735545E-08
  16.100  -2.1801443E-07  -8.8651374E-08
  16.150  -1.9990697E-07  -8.1247219E-08
  16.200  -1.8331269E-07  -7.4465487E-08
  16.250  -1.6810431E-07  -6.8253500E-08
  16.300  -1.5416535E-07  -6.2563064E-08
  16.350  -1.4138915E-07  -5.7350094E-08
  16.400  -1.2967811E-07  -5.2574257E-08
  16.450  -1.1894285E-07  -4.8198650E-08
  16.500  -1.0910157E-07  -4.4189507E-08
  16.550  -1.0007934E-07  -4.0515932E-08
  16.600  -9.1807584E-08  -3.7149651E-08
  16.650  -8.4223479E-08  -3.4064791E-08
  16.700  -7.7269509E-08  -3.1237669E-08
  16.750  -7.0892997E-08  -2.8646612E-08
  16.800  -6.5045698E-08  -2.6271782E-08
  16.850  -5.9683423E-08  -2.4095017E-08
  16.900  -5.4765697E-08  -2.2099695E-08
  16.950  -5.0255444E-08  -2.0270595E-08
  17.000  -4.6118700E-08  -1.8593784E-08
  17.050  -4.2324351E-08  -1.7056502E-08
  17.100  -3.8843890E-08  -1.5647067E-08
  17.150  -3.5651198E-08  -1.4354782E-08
  17.200  -3.2722347E-08  -1.3169850E-08
  17.250  -3.0035406E-08  -1.2083299E-08
  17.300  -2.7570281E-08  -1.1086910E-08
  17.350  -2.5308559E-08  -1.0173158E-08
  17.400  -2.3233361E-08  -9.3351474E-09
  17.450  -2.1329221E-08  -8.5665631E-09
  17.500  -1.9581960E-08  -7.8616193E-09
  17.550  -1.7978582E-08  -7.2150153E-09
  17.600  -1.6507176E-08  -6.6218949E-09
  17.650  -1.5156820E-08  -6.0778084E-09
  17.700  -1.3917502E-08  -5.5786787E-09
  17.750  -1.2780042E-08  -5.1207697E-09
  17.800  -1.1736025E-08  -4.7006579E-09
  17.850  -1.0777733E-08  -4.3152055E-09
  17.900  -9.8980898E-09  -3.9615371E-09
  17.950  -9.0906070E-09  -3.6370172E-09
  18.000  -8.3493337E-09  -3.3392300E-09
  18.050  -7.6688128E-09  -3.0659615E-09
  18.100  -7.0440394E-09  -2.8151818E-09
  18.150  -6.4704233E-09  -2.5850302E-09
  18.200  -5.9437544E-09  -2.3738010E-09
  18.250  -5.4601710E-09  -2.1799301E-09
  18.300  -5.0161310E-09  -2.0019839E-09
  18.350  -4.6083852E-09  -1.8386474E-09
  18.400  -4.2339529E-09  -1.6887152E-09
  18.450  -3.8900995E-09  -1.5510818E-09
  18.500  -3.5743164E-09  -1.4247333E-09
  18.550  -3.2843017E-09  -1.3087400E-09
  18.600  -3.0179435E-09  -1.2022492E-09
  18.650  -2.7733038E-09  -1.1044788E-09
  18.700  -2.5486044E-09  -1.0147114E-09
  18.750  -2.3422133E-09  -9.3228887E-10
  18.800  -2.1526327E-09  -8.5660766E-10
  18.850  -1.9784880E-09  -7.8711395E-10
  18.900  -1.8185175E-09  -7.2329967E-10
  18.950  -1.6715631E-09  -6.6469869E-10
  19.000  -1.5365617E-09  -6.1088332E-10
  19.050  -1.4125374E-09  -5.6146115E-10
  19.100  -1.2985943E-09  -5.1607206E-10
  19.150  -1.1939099E-09  -4.7438564E-10
  19.200  -1.0977292E-09  -4.3609863E-10
  19.250  -1.0093589E-09  -4.0093274E-10
  19.300  -9.2816243E-10  -3.6863259E-10
  19.350  -8.5355538E-10  -3.3896375E-10
  19.400  -7.8500115E-10  -3.1171109E-10
  19.450  -7.2200700E-10  -2.8667711E-10
  19.500  -6.6412049E-10  -2.6368057E-10
  19.550  -6.1092618E-10  -2.4255507E-10
  19.600  -5.6204255E-10  -2.2314786E-10
  19.650  -5.1711927E-10  -2.0531874E-10
  19.700  -4.7583460E-10  -1.8893896E-10
  19.750  -4.3789308E-10  -1.7389036E-10
  19.800  -4.0302334E-10  -1.6006442E-10
  19.850  -3.7097615E-10  -1.4736152E-10
  19.900  -3.4152258E-10  -1.3569018E-10
  19.950  -3.1445235E-10  -1.2496642E-10
  20.000  -2.8957232E-10  -1.1511309E-10
  20.050  -2.6670503E-10  -1.0605938E-10
  20.100  -2.4568747E-10  -9.7740233E-11
  20.150  -2.2636986E-10  -9.0095911E-11
  20.200  -2.0861460E-10  -8.3071552E-11
  20.250  -1.9229524E-10  -7.6616763E-11
  20.300  -1.7729561E-10  -7.0685261E-11
  20.350  -1.6350893E-10  -6.5234531E-11
  20.400  -1.5083709E-10  -6.0225521E-11
  20.450  -1.3918993E-10  -5.5622358E-11
  20.500  -1.2848459E-10  -5.1392088E-11
  20.550  -1.1864490E-10  -4.7504438E-11
  20.600  -1.0960088E-10  -4.3931595E-11
  20.650  -1.0128820E-10  -4.0648008E-11
  20.700  -9.3647741E-11  -3.7630204E-11
  20.750  -8.6625166E-11  -3.4856616E-11
  20.800  -8.0170533E-11  -3.2307430E-11
  20.850  -7.4237942E-11  -2.9964440E-11
  20.900  -6.8785204E-11  -2.7810920E-11
  20.950  -6.3773544E-11  -2.5831502E-11
  21.000  -5.9167324E-11  -2.4012065E-11
  21.050  -5.4933784E-11  -2.2339637E-11
  21.100  -5.1042818E-11  -2.0802295E-11
  21.150  -4.7466749E-11  -1.9389088E-11
  21.200  -4.4180138E-11  -1.8089950E-11
  21.250  -4.1159600E-11  -1.6895635E-11
  21.300  -3.8383640E-11  -1.5797646E-11
  21.350  -3.5832497E-11  -1.4788175E-11
  21.400  -3.3488003E-11  -1.3860047E-11
  21.450  -3.1333456E-11  -1.3006672E-11
  21.500  -2.9353500E-11  -1.2221991E-11
  21.550  -2.7534017E-11  -1.1500438E-11
  21.600  -2.5862024E-11  -1.0836897E-11
  21.650  -2.4325584E-11  -1.0226670E-11
  21.700  -2.2913721E-11  -9.6654367E-12
  21.750  -2.1616341E-11  -9.1492278E-12
  21.800  -2.0424161E-11  -8.6743959E-12
  21.850  -1.9328646E-11  -8.2375893E-12
  21.900  -1.8321946E-11  -7.8357276E-12
  21.950  -1.7396843E-11  -7.4659799E-12
  22.000  -1.6546698E-11  -7.1257447E-12
  22.050  -1.5765405E-11  -6.8126311E-12
  22.100  -1.5047352E-11  -6.5244416E-12
  22.150  -1.4387374E-11  -6.2591568E-12
  22.200  -1.3780724E-11  -6.0149206E-12
  22.250  -1.3223037E-11  -5.7900269E-12
  22.300  -1.2710297E-11  -5.5829076E-12
  22.350  -1.2238813E-11  -5.3921215E-12
  22.400  -1.1805190E-11  -5.2163437E-12
  22.450  -1.1406306E-11  -5.0543561E-12
  22.500  -1.1039293E-11  -4.9050391E-12
  22.550  -1.0701511E-11  -4.7673634E-12
  22.600  -1.0390533E-11  -4.6403824E-12
  22.650  -1.0104130E-11  -4.5232261E-12
  22.700  -9.8402505E-12  -4.4150941E-12
  22.750  -9.5970094E-12  -4.3152506E-12
  22.800  -9.3726740E-12  -4.2230189E-12
  22.850  -9.1656517E-12  -4.1377764E-12
  22.900  -8.9744787E-12  -4.0589508E-12
  22.950  -8.7978100E-12  -3.9860153E-12
  23.000  -8.6344098E-12  -3.9184856E-12
  23.050  -8.4831427E-12  -3.8559159E-12
  23.100  -8.3429661E-12  -3.7978963E-12
  23.150  -8.2129226E-12  -3.7440496E-12
  23.200  -8.0921332E-12  -3.6940288E-12
  23.250  -7.9797911E-12  -3.6475146E-12
  23.300  -7.8751563E-12  -3.6042132E-12
  23.350  -7.7775498E-12  -3.5638546E-12
  23.400  -7.6863493E-12  -3.5261902E-12
  23.450  -7.6009844E-12  -3.4909913E-12
  23.500  -7.5209325E-12  -3.4580478E-12
  23.550  -7.4457150E-12  -3.4271663E-12
  23.600  -7.3748939E-12  -3.3981690E-12
  23.650  -7.3080686E-12  -3.3708927E-12
  23.700  -7.2448727E-12  -3.3451871E-12
  23.750  -7.1849713E-12  -3.3209143E-12
  23.800  -7.1280585E-12  -3.2979475E-12
  23.850  -7.0738551E-12  -3.2761705E-12
  23.900  -7.0221064E-12  -3.2554763E-12
  23.950  -6.9725801E-12  -3.2357669E-12
  24.000  -6.9250643E-12  -3.2169524E-12
  24.050  -6.8793661E-12  -3.1989503E-12
  24.100  -6.8353101E-12  -3.1816850E-12
  24.150  -6.7927365E-12  -3.1650871E-12
  24.200  -6.7514999E-12  -3.1490932E-12
  24.250  -6.7114683E-12  -3.1336451E-12
  24.300  -6.6725218E-12  -3.1186896E-12
  24.350  -6.6345515E-12  -3.1041779E-12
  24.400  -6.5974585E-12  -3.0900655E-12
  24.450  -6.5611531E-12  -3.0763116E-12
  24.500  -6.5255542E-12  -3.0628789E-12
  24.550  -6.4905878E-12  -3.0497332E-12
  24.600  -6.4561873E-12  -3.0368435E-12
  24.650  -6.4222921E-12  -3.0241810E-12
  24.700  -6.3888473E-12  -3.0117198E-12
  24.750  -6.3558031E-12  -2.9994359E-12
  24.800  -6.3231145E-12  -2.9873074E-12
  24.850  -6.2907404E-12  -2.9753143E-12
  24.900  -6.2586438E-12  -2.9634382E-12
  24.950  -6.2267908E-12  -2.9516622E-12
  25.000  -6.1951507E-12  -2.9399707E-12
  25.050  -6.1636954E-12  -2.9283494E-12
  25.100  -6.1323993E-12  -2.9167850E-12
  25.150  -6.1012388E-12  -2.9052653E-12
  25.200  -6.0701922E-12  -2.8937789E-12
  25.250  -6.0392397E-12  -2.8823150E-12
  25.300  -6.0083628E-12  -2.8708639E-12
  25.350  -5.9775441E-12  -2.8594160E-12
  25.400  -5.9467676E-12  -2.8479625E-12
  25.450  -5.9160181E-12  -2.8364950E-12
  25.500  -5.8852812E-12  -2.8250055E-12
  25.550  -5.8545431E-12  -2.8134862E-12
  25.600  -5.8237906E-12  -2.8019297E-12
  25.650  -5.7930112E-12  -2.7903287E-12
  25.700  -5.7621922E-12  -2.7786761E-12
  25.750  -5.7313216E-12  -2.7669649E-12
  25.800  -5.7003874E-12  -2.7551883E-12
  25.850  -5.6693778E-12  -2.7433395E-12
  25.900  -5.6382808E-12  -2.7314116E-12
  25.950  -5.6070846E-12  -2.7193978E-12
  26.000  -5.5757773E-12  -2.7072912E-12
  26.050  -5.5443468E-12  -2.6950850E-12
  26.100  -5.5127807E-12  -2.6827722E-12
  26.150  -5.4810668E-12  -2.6703457E-12
  26.200  -5.4491922E-12  -2.6577985E-12
  26.250  -5.4171441E-12  -2.6451232E-12
  26.300  -5.3849093E-12  -2.6323125E-12
  26.350  -5.3524743E-12  -2.6193590E-12
  26.400  -5.3198254E-12  -2.6062550E-12
  26.450  -5.2869485E-12  -2.5929930E-12
  26.500  -5.2538294E-12  -2.5795651E-12
  26.550  -5.2204536E-12  -2.5659634E-12
  26.600  -5.1868061E-12  -2.5521800E-12
  26.650  -5.1528722E-12  -2.5382070E-12
  26.700  -5.1186365E-12  -2.5240361E-12
  26.750  -5.0840839E-12  -2.5096593E-12
  26.800  -5.0491988E-12  -2.4950685E-12
  26.850  -5.0139658E-12  -2.4802555E-12
  26.900  -4.9783695E-12  -2.4652123E-12
  26.950  -4.9423943E-12  -2.4499307E-12
  27.000  -4.9060249E-12  -2.4344030E-12
  27.050  -4.8692462E-12  -2.4186211E-12
  27.100  -4.8320431E-12  -2.4025775E-12
  27.150  -4.7944011E-12  -2.3862646E-12
  27.200  -4.7563057E-12  -2.3696750E-12
  27.250  -4.7177432E-12  -2.3528017E-12
  27.300  -4.6787001E-12  -2.3356379E-12
  27.350  -4.6391635E-12  -2.3181770E-12
  27.400  -4.5991214E-12  -2.3004129E-12
  27.450  -4.5585621E-12  -2.2823398E-12
  27.500  -4.5174752E-12  -2.2639524E-12
  27.550  -4.4758506E-12  -2.2452455E-12
  27.600  -4.4336795E-12  -2.2262149E-12
  27.650  -4.3909541E-12  -2.2068565E-12
  27.700  -4.3476673E-12  -2.1871670E-12
  27.750  -4.3038135E-12  -2.1671433E-12
  27.800  -4.2593882E-12  -2.1467832E-12
  27.850  -4.2143879E-12  -2.1260852E-12
  27.900  -4.1688107E-12  -2.1050481E-12
  27.950  -4.1226557E-12  -2.0836716E-12
  28.000  -4.0759237E-12  -2.0619560E-12
  28.050  -4.0286165E-12  -2.0399023E-12
  28.100  -3.9807379E-12  -2.0175123E-12
  28.150  -3.9322925E-12  -1.9947885E-12
  28.200  -3.8832869E-12  -1.9717340E-12
  28.250  -3.8337289E-12  -1.9483528E-12
  28.300  -3.7836279E-12  -1.9246496E-12
  28.350  -3.7329947E-12  -1.9006298E-12
  28.400  -3.6818418E-12  -1.8762996E-12
  28.450  -3.6301830E-12  -1.8516660E-12
  28.500  -3.5780335E-12  -1.8267366E-12
  28.550  -3.5254102E-12  -1.8015199E-12
  28.600  -3.4723312E-12  -1.7760250E-12
  28.650  -3.4188160E-12  -1.7502618E-12
  28.700  -3.3648856E-12  -1.7242408E-12
  28.750  -3.3105622E-12  -1.6979732E-12
  28.800  -3.2558693E-12  -1.6714710E-12
  28.850  -3.2008315E-12  -1.6447465E-12
  28.900  -3.1454747E-12  -1.6178130E-12
  28.950  -3.0898259E-12  -1.5906841E-12
  29.000  -3.0339130E-12  -1.5633740E-12
  29.050  -2.9777651E-12  -1.5358977E-12
  29.100  -2.9214121E-12  -1.5082703E-12
  29.150  -2.8648847E-12  -1.4805076E-12
  29.200  -2.8082146E-12  -1.4526257E-12
  29.250  -2.7514339E-12  -1.4246413E-12
  29.300  -2.6945756E-12  -1.3965712E-12
  29.350  -2.6376733E-12  -1.3684328E-12
  29.400  -2.5807609E-12  -1.3402436E-12
  29.450  -2.5238728E-12  -1.3120213E-12
  29.500  -2.4670438E-12  -1.2837841E-12
  29.550  -2.4103090E-12  -1.2555500E-12
  29.600  -2.3537036E-12  -1.2273375E-12
  29.650  -2.2972630E-12  -1.1991649E-12
  29.700  -2.2410227E-12  -1.1710508E-12
  29.750  -2.1850181E-12  -1.1430138E-12
  29.800  -2.1292845E-12  -1.1150722E-12
  29.850  -2.0738572E-12  -1.0872445E-12
  29.900  -2.0187709E-12  -1.0595492E-12
  29.950  -1.9640604E-12  -1.0320045E-12
  30.000  -1.9097598E-12  -1.0046284E-12
