   0.050  -5.2886567E+01  -8.4645965E-01  -5.1675812E+01  -1.2421993E+00
   0.100  -5.2855704E+01  -8.5334456E-01  -5.1645975E+01  -1.2486627E+00
   0.150  -5.2804243E+01  -8.6479496E-01  -5.1596219E+01  -1.2594107E+00
   0.200  -5.2732151E+01  -8.8077424E-01  -5.1526507E+01  -1.2744070E+00
   0.250  -5.2639380E+01  -9.0123117E-01  -5.1436782E+01  -1.2936007E+00
   0.300  -5.2525870E+01  -9.2609999E-01  -5.1326975E+01  -1.3169266E+00
   0.350  -5.2391548E+01  -9.5530049E-01  -5.1197001E+01  -1.3443050E+00
   0.400  -5.2236331E+01  -9.8873812E-01  -5.1046763E+01  -1.3756419E+00
   0.450  -5.2060122E+01  -1.0263041E+00  -5.0876149E+01  -1.4108295E+00
   0.500  -5.1862814E+01  -1.0678754E+00  -5.0685037E+01  -1.4497458E+00
   0.550  -5.1644294E+01  -1.1133153E+00  -5.0473293E+01  -1.4922548E+00
   0.600  -5.1404437E+01  -1.1624733E+00  -5.0240775E+01  -1.5382074E+00
   0.650  -5.1143112E+01  -1.2151851E+00  -4.9987332E+01  -1.5874406E+00
   0.700  -5.0860187E+01  -1.2712733E+00  -4.9712811E+01  -1.6397787E+00
   0.750  -5.0555523E+01  -1.3305476E+00  -4.9417054E+01  -1.6950330E+00
   0.800  -5.0228983E+01  -1.3928049E+00  -4.9099901E+01  -1.7530023E+00
   0.850  -4.9880434E+01  -1.4578297E+00  -4.8761198E+01  -1.8134734E+00
   0.900  -4.9509745E+01  -1.5253946E+00  -4.8400796E+01  -1.8762215E+00
   0.950  -4.9116798E+01  -1.5952608E+00  -4.8018554E+01  -1.9410106E+00
   1.000  -4.8701485E+01  -1.6671783E+00  -4.7614346E+01  -2.0075941E+00
   1.050  -4.8263717E+01  -1.7408867E+00  -4.7188064E+01  -2.0757152E+00
   1.100  -4.7803425E+01  -1.8161158E+00  -4.6739619E+01  -2.1451079E+00
   1.150  -4.7320564E+01  -1.8925860E+00  -4.6268953E+01  -2.2154975E+00
   1.200  -4.6815123E+01  -1.9700094E+00  -4.5776036E+01  -2.2866014E+00
   1.250  -4.6287123E+01  -2.0480904E+00  -4.5260877E+01  -2.3581300E+00
   1.300  -4.5736628E+01  -2.1265263E+00  -4.4723524E+01  -2.4297875E+00
   1.350  -4.5163745E+01  -2.2050087E+00  -4.4164074E+01  -2.5012731E+00
   1.400  -4.4568633E+01  -2.2832244E+00  -4.3582674E+01  -2.5722817E+00
   1.450  -4.3951504E+01  -2.3608563E+00  -4.2979528E+01  -2.6425057E+00
   1.500  -4.3312633E+01  -2.4375846E+00  -4.2354901E+01  -2.7116354E+00
   1.550  -4.2652355E+01  -2.5130884E+00  -4.1709121E+01  -2.7793610E+00
   1.600  -4.1971077E+01  -2.5870464E+00  -4.1042588E+01  -2.8453736E+00
   1.650  -4.1269276E+01  -2.6591391E+00  -4.0355773E+01  -2.9093665E+00
   1.700  -4.0547501E+01  -2.7290497E+00  -3.9649222E+01  -2.9710370E+00
   1.750  -3.9806383E+01  -2.7964656E+00  -3.8923559E+01  -3.0300879E+00
   1.800  -3.9046628E+01  -2.8610808E+00  -3.8179486E+01  -3.0862289E+00
   1.850  -3.8269022E+01  -2.9225963E+00  -3.7417785E+01  -3.1391782E+00
   1.900  -3.7474431E+01  -2.9807232E+00  -3.6639319E+01  -3.1886645E+00
   1.950  -3.6663801E+01  -3.0351832E+00  -3.5845029E+01  -3.2344284E+00
   2.000  -3.5838155E+01  -3.0857112E+00  -3.5035932E+01  -3.2762239E+00
   2.050  -3.4998590E+01  -3.1320565E+00  -3.4213122E+01  -3.3138205E+00
   2.100  -3.4146278E+01  -3.1739850E+00  -3.3377762E+01  -3.3470043E+00
   2.150  -3.3282457E+01  -3.2112804E+00  -3.2531085E+01  -3.3755801E+00
   2.200  -3.2408430E+01  -3.2437464E+00  -3.1674384E+01  -3.3993725E+00
   2.250  -3.1525555E+01  -3.2712075E+00  -3.0809011E+01  -3.4182274E+00
   2.300  -3.0635246E+01  -3.2935113E+00  -2.9936368E+01  -3.4320134E+00
   2.350  -2.9738959E+01  -3.3105292E+00  -2.9057898E+01  -3.4406229E+00
   2.400  -2.8838190E+01  -3.3221577E+00  -2.8175086E+01  -3.4439733E+00
   2.450  -2.7934465E+01  -3.3283199E+00  -2.7289440E+01  -3.4420074E+00
   2.500  -2.7029330E+01  -3.3289656E+00  -2.6402493E+01  -3.4346949E+00
   2.550  -2.6124347E+01  -3.3240726E+00  -2.5515788E+01  -3.4220319E+00
   2.600  -2.5221083E+01  -3.3136469E+00  -2.4630872E+01  -3.4040421E+00
   2.650  -2.4321101E+01  -3.2977226E+00  -2.3749288E+01  -3.3807762E+00
   2.700  -2.3425953E+01  -3.2763625E+00  -2.2872566E+01  -3.3523123E+00
   2.750  -2.2537169E+01  -3.2496573E+00  -2.2002213E+01  -3.3187551E+00
   2.800  -2.1656252E+01  -3.2177253E+00  -2.1139706E+01  -3.2802352E+00
   2.850  -2.0784668E+01  -3.1807116E+00  -2.0286487E+01  -3.2369087E+00
   2.900  -1.9923838E+01  -3.1387870E+00  -1.9443950E+01  -3.1889558E+00
   2.950  -1.9075132E+01  -3.0921469E+00  -1.8613436E+01  -3.1365794E+00
   3.000  -1.8239860E+01  -3.0410096E+00  -1.7796230E+01  -3.0800039E+00
   3.050  -1.7419268E+01  -2.9856148E+00  -1.6993550E+01  -3.0194731E+00
   3.100  -1.6614532E+01  -2.9262215E+00  -1.6206540E+01  -2.9552485E+00
   3.150  -1.5826751E+01  -2.8631062E+00  -1.5436274E+01  -2.8876074E+00
   3.200  -1.5056942E+01  -2.7965602E+00  -1.4683741E+01  -2.8168404E+00
   3.250  -1.4306040E+01  -2.7268880E+00  -1.3949847E+01  -2.7432494E+00
   3.300  -1.3574891E+01  -2.6544041E+00  -1.3235411E+01  -2.6671449E+00
   3.350  -1.2864250E+01  -2.5794308E+00  -1.2541165E+01  -2.5888439E+00
   3.400  -1.2174779E+01  -2.5022958E+00  -1.1867744E+01  -2.5086674E+00
   3.450  -1.1507050E+01  -2.4233294E+00  -1.1215697E+01  -2.4269378E+00
   3.500  -1.0861535E+01  -2.3428623E+00  -1.0585476E+01  -2.3439765E+00
   3.550  -1.0238617E+01  -2.2612228E+00  -9.9774417E+00  -2.2601018E+00
   3.600  -9.6385843E+00  -2.1787347E+00  -9.3918644E+00  -2.1756266E+00
   3.650  -9.0616318E+00  -2.0957147E+00  -8.8289237E+00  -2.0908561E+00
   3.700  -8.5078663E+00  -2.0124708E+00  -8.2887116E+00  -2.0060858E+00
   3.750  -7.9773070E+00  -1.9293000E+00  -7.7712353E+00  -1.9216002E+00
   3.800  -7.4698893E+00  -1.8464864E+00  -7.2764201E+00  -1.8376704E+00
   3.850  -6.9854683E+00  -1.7643001E+00  -6.8041134E+00  -1.7545531E+00
   3.900  -6.5238230E+00  -1.6829954E+00  -6.3540888E+00  -1.6724893E+00
   3.950  -6.0846609E+00  -1.6028096E+00  -5.9260503E+00  -1.5917032E+00
   4.000  -5.6676227E+00  -1.5239626E+00  -5.5196376E+00  -1.5124014E+00
   4.050  -5.2722878E+00  -1.4466554E+00  -5.1344312E+00  -1.4347720E+00
   4.100  -4.8981794E+00  -1.3710702E+00  -4.7699572E+00  -1.3589847E+00
   4.150  -4.5447704E+00  -1.2973701E+00  -4.4256935E+00  -1.2851901E+00
   4.200  -4.2114888E+00  -1.2256983E+00  -4.1010747E+00  -1.2135200E+00
   4.250  -3.8977234E+00  -1.1561792E+00  -3.7954984E+00  -1.1440873E+00
   4.300  -3.6028300E+00  -1.0889179E+00  -3.5083301E+00  -1.0769865E+00
   4.350  -3.3261364E+00  -1.0240010E+00  -3.2389092E+00  -1.0122941E+00
   4.400  -3.0669485E+00  -9.6149711E-01  -2.9865541E+00  -9.5006933E-01
   4.450  -2.8245552E+00  -9.0145758E-01  -2.7505676E+00  -8.9035466E-01
   4.500  -2.5982339E+00  -8.4391734E-01  -2.5302417E+00  -8.3317687E-01
   4.550  -2.3872551E+00  -7.8889582E-01  -2.3248624E+00  -7.7854790E-01
   4.600  -2.1908872E+00  -7.3639797E-01  -2.1337140E+00  -7.2646583E-01
   4.650  -2.0084007E+00  -6.8641529E-01  -1.9560835E+00  -6.7691594E-01
   4.700  -1.8390719E+00  -6.3892696E-01  -1.7912642E+00  -6.2987184E-01
   4.750  -1.6821869E+00  -5.9390097E-01  -1.6385591E+00  -5.8529652E-01
   4.800  -1.5370446E+00  -5.5129526E-01  -1.4972840E+00  -5.4314349E-01
   4.850  -1.4029593E+00  -5.1105885E-01  -1.3667704E+00  -5.0335791E-01
   4.900  -1.2792637E+00  -4.7313294E-01  -1.2463677E+00  -4.6587762E-01
   4.950  -1.1653104E+00  -4.3745202E-01  -1.1354451E+00  -4.3063425E-01
   5.000  -1.0604744E+00  -4.0394491E-01  -1.0333937E+00  -3.9755420E-01
   5.050  -9.6415386E-01  -3.7253578E-01  -9.3962748E-01  -3.6655963E-01
   5.100  -8.7577152E-01  -3.4314508E-01  -8.5358442E-01  -3.3756937E-01
   5.150  -7.9477556E-01  -3.1569044E-01  -7.7472743E-01  -3.1049977E-01
   5.200  -7.2064006E-01  -2.9008749E-01  -7.0254473E-01  -2.8526549E-01
   5.250  -6.5286532E-01  -2.6625066E-01  -6.3655016E-01  -2.6178027E-01
   5.300  -5.9097794E-01  -2.4409381E-01  -5.7628320E-01  -2.3995755E-01
   5.350  -5.3453064E-01  -2.2353095E-01  -5.2130880E-01  -2.1971110E-01
   5.400  -4.8310201E-01  -2.0447672E-01  -4.7121713E-01  -2.0095554E-01
   5.450  -4.3629598E-01  -1.8684694E-01  -4.2562303E-01  -1.8360682E-01
   5.500  -3.9374124E-01  -1.7055902E-01  -3.8416546E-01  -1.6758263E-01
   5.550  -3.5509053E-01  -1.5553237E-01  -3.4650675E-01  -1.5280275E-01
   5.600  -3.2001979E-01  -1.4168865E-01  -3.1233184E-01  -1.3918935E-01
   5.650  -2.8822730E-01  -1.2895212E-01  -2.8134737E-01  -1.2666724E-01
   5.700  -2.5943277E-01  -1.1724976E-01  -2.5328080E-01  -1.1516402E-01
   5.750  -2.3337626E-01  -1.0651150E-01  -2.2787942E-01  -1.0461029E-01
   5.800  -2.0981728E-01  -9.6670312E-02  -2.0490938E-01  -9.4939731E-02
   5.850  -1.8853367E-01  -8.7662313E-02  -1.8415469E-01  -8.6089164E-02
   5.900  -1.6932065E-01  -7.9426781E-02  -1.6541618E-01  -7.7998604E-02
   5.950  -1.5198973E-01  -7.1906195E-02  -1.4851058E-01  -7.0611259E-02
   6.000  -1.3636775E-01  -6.5046215E-02  -1.3326947E-01  -6.3873511E-02
   6.050  -1.2229586E-01  -5.8795647E-02  -1.1953836E-01  -5.7734878E-02
   6.100  -1.0962860E-01  -5.3106385E-02  -1.0717573E-01  -5.2147947E-02
   6.150  -9.8232911E-02  -4.7933339E-02  -9.6052163E-02  -4.7068300E-02
   6.200  -8.7987322E-02  -4.3234348E-02  -8.6049461E-02  -4.2454420E-02
   6.250  -7.8781040E-02  -3.8970076E-02  -7.7059814E-02  -3.8267590E-02
   6.300  -7.0513163E-02  -3.5103905E-02  -6.8985027E-02  -3.4471781E-02
   6.350  -6.3091908E-02  -3.1601819E-02  -6.1735760E-02  -3.1033536E-02
   6.400  -5.6433886E-02  -2.8432283E-02  -5.5230837E-02  -2.7921845E-02
   6.450  -5.0463421E-02  -2.5566117E-02  -4.9396575E-02  -2.5108026E-02
   6.500  -4.5111909E-02  -2.2976370E-02  -4.4166167E-02  -2.2565592E-02
   6.550  -4.0317220E-02  -2.0638199E-02  -3.9479102E-02  -2.0270132E-02
   6.600  -3.6023147E-02  -1.8528736E-02  -3.5280623E-02  -1.8199184E-02
   6.650  -3.2178884E-02  -1.6626972E-02  -3.1521229E-02  -1.6332113E-02
   6.700  -2.8738547E-02  -1.4913632E-02  -2.8156209E-02  -1.4649991E-02
   6.750  -2.5660739E-02  -1.3371061E-02  -2.5145212E-02  -1.3135483E-02
   6.800  -2.2908133E-02  -1.1983112E-02  -2.2451850E-02  -1.1772738E-02
   6.850  -2.0447106E-02  -1.0735037E-02  -2.0043336E-02  -1.0547278E-02
   6.900  -1.8247386E-02  -9.6133820E-03  -1.7890150E-02  -9.4458987E-03
   6.950  -1.6281744E-02  -8.6058933E-03  -1.5965730E-02  -8.4565728E-03
   7.000  -1.4525700E-02  -7.7014213E-03  -1.4246192E-02  -7.5683585E-03
   7.050  -1.2957263E-02  -6.8898341E-03  -1.2710076E-02  -6.7713131E-03
   7.100  -1.1556685E-02  -6.1619349E-03  -1.1338109E-02  -6.0564120E-03
   7.150  -1.0306250E-02  -5.5093850E-03  -1.0112992E-02  -5.4154726E-03
   7.200  -9.1900663E-03  -4.9246312E-03  -9.0192103E-03  -4.8410836E-03
   7.250  -8.1938902E-03  -4.4008391E-03  -8.0428520E-03  -4.3265388E-03
   7.300  -7.3049603E-03  -3.9318304E-03  -7.1714510E-03  -3.8657758E-03
   7.350  -6.5118484E-03  -3.5120248E-03  -6.3938411E-03  -3.4533190E-03
   7.400  -5.8043243E-03  -3.1363867E-03  -5.7000249E-03  -3.0842272E-03
   7.450  -5.1732340E-03  -2.8003755E-03  -5.0810546E-03  -2.7540450E-03
   7.500  -4.6103896E-03  -2.4999006E-03  -4.5289252E-03  -2.4587578E-03
   7.550  -4.1084691E-03  -2.2312789E-03  -4.0364767E-03  -2.1947515E-03
   7.600  -3.6609275E-03  -1.9911970E-03  -3.5973076E-03  -1.9587742E-03
   7.650  -3.2619151E-03  -1.7766759E-03  -3.2056953E-03  -1.7479022E-03
   7.700  -2.9062053E-03  -1.5850387E-03  -2.8565259E-03  -1.5595082E-03
   7.750  -2.5891294E-03  -1.4138819E-03  -2.5452301E-03  -1.3912328E-03
   7.800  -2.3065173E-03  -1.2610479E-03  -2.2677260E-03  -1.2409582E-03
   7.850  -2.0546452E-03  -1.1246017E-03  -2.0203677E-03  -1.1067847E-03
   7.900  -1.8301884E-03  -1.0028080E-03  -1.7998994E-03  -9.8700875E-04
   7.950  -1.6301786E-03  -8.9411180E-04  -1.6034140E-03  -8.8010350E-04
   8.000  -1.4519666E-03  -7.9712008E-04  -1.4283162E-03  -7.8470107E-04
   8.050  -1.2931878E-03  -7.1058538E-04  -1.2722890E-03  -6.9957648E-04
   8.100  -1.1517323E-03  -6.3339108E-04  -1.1332647E-03  -6.2363309E-04
   8.150  -1.0257176E-03  -5.6453801E-04  -1.0093981E-03  -5.5588950E-04
   8.200  -9.1346404E-04  -5.0313236E-04  -8.9904252E-04  -4.9546778E-04
   8.250  -8.1347373E-04  -4.4837483E-04  -8.0072914E-04  -4.4158271E-04
   8.300  -7.2441060E-04  -3.9955087E-04  -7.1314767E-04  -3.9353226E-04
   8.350  -6.4508336E-04  -3.5602182E-04  -6.3512956E-04  -3.5068894E-04
   8.400  -5.7442987E-04  -3.1721704E-04  -5.6563280E-04  -3.1249199E-04
   8.450  -5.1150337E-04  -2.8262675E-04  -5.0372837E-04  -2.7844044E-04
   8.500  -4.5546002E-04  -2.5179569E-04  -4.4858813E-04  -2.4808684E-04
   8.550  -4.0554784E-04  -2.2431732E-04  -3.9947398E-04  -2.2103159E-04
   8.600  -3.6109681E-04  -1.9982873E-04  -3.5572815E-04  -1.9691795E-04
   8.650  -3.2151002E-04  -1.7800601E-04  -3.1676455E-04  -1.7542746E-04
   8.700  -2.8625573E-04  -1.5856009E-04  -2.8206098E-04  -1.5627590E-04
   8.750  -2.5486030E-04  -1.4123305E-04  -2.5115227E-04  -1.3920967E-04
   8.800  -2.2690186E-04  -1.2579481E-04  -2.2362400E-04  -1.2400249E-04
   8.850  -2.0200470E-04  -1.1204013E-04  -1.9910703E-04  -1.1045251E-04
   8.900  -1.7983418E-04  -9.9785986E-05  -1.7727255E-04  -9.8379710E-05
   8.950  -1.6009226E-04  -8.8869143E-05  -1.5782765E-04  -8.7623515E-05
   9.000  -1.4251349E-04  -7.9144070E-05  -1.4051142E-04  -7.8040751E-05
   9.050  -1.2686141E-04  -7.0481013E-05  -1.2509142E-04  -6.9503754E-05
   9.100  -1.1292542E-04  -6.2764297E-05  -1.1136057E-04  -6.1898704E-05
   9.150  -1.0051789E-04  -5.5890809E-05  -9.9134374E-05  -5.5124129E-05
   9.200  -8.9471670E-05  -4.9768637E-05  -8.8248457E-05  -4.9089572E-05
   9.250  -7.9637847E-05  -4.4315860E-05  -7.8556337E-05  -4.3714401E-05
   9.300  -7.0883733E-05  -3.9459464E-05  -6.9927488E-05  -3.8926745E-05
   9.350  -6.3091107E-05  -3.5134377E-05  -6.2245597E-05  -3.4662544E-05
   9.400  -5.6154631E-05  -3.1282608E-05  -5.5407012E-05  -3.0864703E-05
   9.450  -4.9980451E-05  -2.7852477E-05  -4.9319369E-05  -2.7482337E-05
   9.500  -4.4484946E-05  -2.4797932E-05  -4.3900364E-05  -2.4470097E-05
   9.550  -3.9593618E-05  -2.2077933E-05  -3.9076667E-05  -2.1787568E-05
   9.600  -3.5240107E-05  -1.9655915E-05  -3.4782944E-05  -1.9398737E-05
   9.650  -3.1365304E-05  -1.7499294E-05  -3.0960999E-05  -1.7271509E-05
   9.700  -2.7916570E-05  -1.5579041E-05  -2.7558998E-05  -1.5377289E-05
   9.750  -2.4847036E-05  -1.3869291E-05  -2.4530782E-05  -1.3690596E-05
   9.800  -2.2114973E-05  -1.2347003E-05  -2.1835253E-05  -1.2188728E-05
   9.850  -1.9683240E-05  -1.0991648E-05  -1.9435823E-05  -1.0851460E-05
   9.900  -1.7518781E-05  -9.7849440E-06  -1.7299929E-05  -9.6607740E-06
   9.950  -1.5592181E-05  -8.7106024E-06  -1.5398590E-05  -8.6006195E-06
  10.000  -1.3877269E-05  -7.7541176E-06  -1.3706017E-05  -7.6567000E-06
  10.050  -1.2350759E-05  -6.9025705E-06  -1.2199265E-05  -6.8162819E-06
  10.100  -1.0991938E-05  -6.1444562E-06  -1.0857920E-05  -6.0680246E-06
  10.150  -9.7823780E-06  -5.4695295E-06  -9.6638170E-06  -5.4018282E-06
  10.200  -8.7056856E-06  -4.8686677E-06  -8.6007975E-06  -4.8086991E-06
  10.250  -7.7472751E-06  -4.3337480E-06  -7.6544821E-06  -4.2806284E-06
  10.300  -6.8941690E-06  -3.8575381E-06  -6.8120756E-06  -3.8104850E-06
  10.350  -6.1348182E-06  -3.4335988E-06  -6.0621903E-06  -3.3919192E-06
  10.400  -5.4589440E-06  -3.0561973E-06  -5.3946897E-06  -3.0192772E-06
  10.450  -4.8573960E-06  -2.7202295E-06  -4.8005497E-06  -2.6875253E-06
  10.500  -4.3220274E-06  -2.4211511E-06  -4.2717348E-06  -2.3921814E-06
  10.550  -3.8455836E-06  -2.1549164E-06  -3.8010888E-06  -2.1292546E-06
  10.600  -3.4216030E-06  -1.9179232E-06  -3.3822372E-06  -1.8951915E-06
  10.650  -3.0443302E-06  -1.7069644E-06  -3.0095018E-06  -1.6868282E-06
  10.700  -2.7086378E-06  -1.5191844E-06  -2.6778232E-06  -1.5013473E-06
  10.750  -2.4099580E-06  -1.3520405E-06  -2.3826941E-06  -1.3362399E-06
  10.800  -2.1442210E-06  -1.2032686E-06  -2.1200980E-06  -1.1892720E-06
  10.850  -1.9078015E-06  -1.0708527E-06  -1.8864569E-06  -1.0584540E-06
  10.900  -1.6974698E-06  -9.5299763E-07  -1.6785830E-06  -9.4201436E-07
  10.950  -1.5103494E-06  -8.4810471E-07  -1.4936367E-06  -8.3837523E-07
  11.000  -1.3438788E-06  -7.5475046E-07  -1.3290893E-06  -7.4613156E-07
  11.050  -1.1957774E-06  -6.7166727E-07  -1.1826892E-06  -6.6403212E-07
  11.100  -1.0640150E-06  -5.9772644E-07  -1.0524319E-06  -5.9096266E-07
  11.150  -9.4678528E-07  -5.3192293E-07  -9.3653369E-07  -5.2593101E-07
  11.200  -8.4248096E-07  -4.7336191E-07  -8.3340746E-07  -4.6805370E-07
  11.250  -7.4967260E-07  -4.2124669E-07  -7.4164148E-07  -4.1654411E-07
  11.300  -6.6708905E-07  -3.7486804E-07  -6.5998029E-07  -3.7070191E-07
  11.350  -5.9360017E-07  -3.3359457E-07  -5.8730764E-07  -3.2990366E-07
  11.400  -5.2820132E-07  -2.9686432E-07  -5.2263116E-07  -2.9359436E-07
  11.450  -4.6999954E-07  -2.6417708E-07  -4.6506873E-07  -2.6128002E-07
  11.500  -4.1820113E-07  -2.3508769E-07  -4.1383622E-07  -2.3252097E-07
  11.550  -3.7210062E-07  -2.0920002E-07  -3.6823663E-07  -2.0692594E-07
  11.600  -3.3107088E-07  -1.8616152E-07  -3.2765033E-07  -1.8414669E-07
  11.650  -2.9455437E-07  -1.6565852E-07  -2.9152639E-07  -1.6387338E-07
  11.700  -2.6205531E-07  -1.4741192E-07  -2.5937485E-07  -1.4583026E-07
  11.750  -2.3313270E-07  -1.3117338E-07  -2.3075992E-07  -1.2977199E-07
  11.800  -2.0739421E-07  -1.1672193E-07  -2.0529381E-07  -1.1548026E-07
  11.850  -1.8449067E-07  -1.0386095E-07  -1.8263141E-07  -1.0276081E-07
  11.900  -1.6411124E-07  -9.2415518E-08  -1.6246545E-07  -9.1440757E-08
  11.950  -1.4597912E-07  -8.2229948E-08  -1.4452231E-07  -8.1366280E-08
  12.000  -1.2984780E-07  -7.3165711E-08  -1.2855827E-07  -7.2400474E-08
  12.050  -1.1549762E-07  -6.5099521E-08  -1.1435616E-07  -6.4421497E-08
  12.100  -1.0273291E-07  -5.7921651E-08  -1.0172251E-07  -5.7320902E-08
  12.150  -9.1379266E-08  -5.1534438E-08  -9.0484866E-08  -5.1002156E-08
  12.200  -8.1281304E-08  -4.5850947E-08  -8.0489568E-08  -4.5379328E-08
  12.250  -7.2300558E-08  -4.0793790E-08  -7.1599680E-08  -4.0375919E-08
  12.300  -6.4313662E-08  -3.6294073E-08  -6.3693191E-08  -3.5923824E-08
  12.350  -5.7210726E-08  -3.2290463E-08  -5.6661415E-08  -3.1962406E-08
  12.400  -5.0893889E-08  -2.8728355E-08  -5.0407553E-08  -2.8437680E-08
  12.450  -4.5276029E-08  -2.5559135E-08  -4.4845425E-08  -2.5301580E-08
  12.500  -4.0279608E-08  -2.2739524E-08  -3.9898329E-08  -2.2511313E-08
  12.550  -3.5835646E-08  -2.0230995E-08  -3.5498025E-08  -2.0028781E-08
  12.600  -3.1882799E-08  -1.7999249E-08  -3.1583821E-08  -1.7820068E-08
  12.650  -2.8366531E-08  -1.6013758E-08  -2.8101760E-08  -1.5854983E-08
  12.700  -2.5238372E-08  -1.4247351E-08  -2.5003885E-08  -1.4106656E-08
  12.750  -2.2455262E-08  -1.2675846E-08  -2.2247587E-08  -1.2551170E-08
  12.800  -1.9978947E-08  -1.1277726E-08  -1.9795013E-08  -1.1167242E-08
  12.850  -1.7775452E-08  -1.0033846E-08  -1.7612543E-08  -9.9359372E-09
  12.900  -1.5814605E-08  -8.9271719E-09  -1.5670316E-08  -8.8404060E-09
  12.950  -1.4069607E-08  -7.9425535E-09  -1.3941809E-08  -7.8656605E-09
  13.000  -1.2516656E-08  -7.0665128E-09  -1.2403466E-08  -6.9983685E-09
  13.050  -1.1134603E-08  -6.2870630E-09  -1.1034353E-08  -6.2266711E-09
  13.100  -9.9046583E-09  -5.5935430E-09  -9.8158703E-09  -5.5400210E-09
  13.150  -8.8101150E-09  -4.9764713E-09  -8.7314811E-09  -4.9290374E-09
  13.200  -7.8361181E-09  -4.4274157E-09  -7.7664792E-09  -4.3853772E-09
  13.250  -6.9694516E-09  -3.9388769E-09  -6.9077807E-09  -3.9016200E-09
  13.300  -6.1983533E-09  -3.5041849E-09  -6.1437403E-09  -3.4711657E-09
  13.350  -5.5123505E-09  -3.1174072E-09  -5.4639891E-09  -3.0881438E-09
  13.400  -4.9021155E-09  -2.7732664E-09  -4.8592909E-09  -2.7473317E-09
  13.450  -4.3593373E-09  -2.4670680E-09  -4.3214162E-09  -2.4440834E-09
  13.500  -3.8766096E-09  -2.1946349E-09  -3.8430308E-09  -2.1742651E-09
  13.550  -3.4473307E-09  -1.9522505E-09  -3.4175969E-09  -1.9341980E-09
  13.600  -3.0656158E-09  -1.7366073E-09  -3.0392863E-09  -1.7206086E-09
  13.650  -2.7262192E-09  -1.5447616E-09  -2.7029038E-09  -1.5305830E-09
  13.700  -2.4244657E-09  -1.3740932E-09  -2.4038186E-09  -1.3615277E-09
  13.750  -2.1561890E-09  -1.2222697E-09  -2.1379041E-09  -1.2111339E-09
  13.800  -1.9176777E-09  -1.0872151E-09  -1.9014839E-09  -1.0773461E-09
  13.850  -1.7056266E-09  -9.6708092E-10  -1.6912839E-09  -9.5833465E-10
  13.900  -1.5170936E-09  -8.6022174E-10  -1.5043897E-09  -8.5247040E-10
  13.950  -1.3494610E-09  -7.6517282E-10  -1.3382079E-09  -7.5830313E-10
  14.000  -1.2004006E-09  -6.8063026E-10  -1.1904321E-09  -6.7454185E-10
  14.050  -1.0678431E-09  -6.0543351E-10  -1.0590119E-09  -6.0003742E-10
  14.100  -9.4994941E-10  -5.3854963E-10  -9.4212550E-10  -5.3376706E-10
  14.150  -8.4508645E-10  -4.7905946E-10  -8.3815457E-10  -4.7482055E-10
  14.200  -7.5180400E-10  -4.2614513E-10  -7.4566223E-10  -4.2238800E-10
  14.250  -6.6881477E-10  -3.7907902E-10  -6.6337291E-10  -3.7574884E-10
  14.300  -5.9497618E-10  -3.3721390E-10  -5.9015441E-10  -3.3426209E-10
  14.350  -5.2927422E-10  -2.9997412E-10  -5.2500187E-10  -2.9735764E-10
  14.400  -4.7080886E-10  -2.6684777E-10  -4.6702337E-10  -2.6452847E-10
  14.450  -4.1878115E-10  -2.3737964E-10  -4.1542711E-10  -2.3532375E-10
  14.500  -3.7248167E-10  -2.1116504E-10  -3.6950999E-10  -2.0934261E-10
  14.550  -3.3128028E-10  -1.8784414E-10  -3.2864748E-10  -1.8622864E-10
  14.600  -2.9461702E-10  -1.6709706E-10  -2.9228456E-10  -1.6566499E-10
  14.650  -2.6199406E-10  -1.4863942E-10  -2.5992778E-10  -1.4736996E-10
  14.700  -2.3296860E-10  -1.3221840E-10  -2.3113821E-10  -1.3109307E-10
  14.750  -2.0714656E-10  -1.1760921E-10  -2.0552522E-10  -1.1661166E-10
  14.800  -1.8417707E-10  -1.0461198E-10  -1.8274095E-10  -1.0372771E-10
  14.850  -1.6374757E-10  -9.3048967E-11  -1.6247556E-10  -9.2265111E-11
  14.900  -1.4557954E-10  -8.2762092E-11  -1.4445293E-10  -8.2067258E-11
  14.950  -1.2942471E-10  -7.3610743E-11  -1.2842689E-10  -7.2994830E-11
  15.000  -1.1506174E-10  -6.5469829E-11  -1.1417800E-10  -6.4923878E-11
  15.050  -1.0229326E-10  -5.8228045E-11  -1.0151056E-10  -5.7744115E-11
  15.100  -9.0943312E-11  -5.1786345E-11  -9.0250075E-11  -5.1357393E-11
  15.150  -8.0855006E-11  -4.6056575E-11  -8.0240992E-11  -4.5676359E-11
  15.200  -7.1888518E-11  -4.0960272E-11  -7.1344653E-11  -4.0623257E-11
  15.250  -6.3919265E-11  -3.6427593E-11  -6.3437511E-11  -3.6128870E-11
  15.300  -5.6836292E-11  -3.2396360E-11  -5.6409531E-11  -3.2131578E-11
  15.350  -5.0540825E-11  -2.8811224E-11  -5.0162756E-11  -2.8576526E-11
  15.400  -4.4944986E-11  -2.5622915E-11  -4.4610032E-11  -2.5414880E-11
  15.450  -3.9970627E-11  -2.2787572E-11  -3.9673852E-11  -2.2603169E-11
  15.500  -3.5548294E-11  -2.0266158E-11  -3.5285331E-11  -2.0102700E-11
  15.550  -3.1616291E-11  -1.8023931E-11  -3.1383275E-11  -1.7879036E-11
  15.600  -2.8119838E-11  -1.6029975E-11  -2.7913348E-11  -1.5901532E-11
  15.650  -2.5010313E-11  -1.4256785E-11  -2.4827323E-11  -1.4142924E-11
  15.700  -2.2244574E-11  -1.2679892E-11  -2.2082407E-11  -1.2578955E-11
  15.750  -1.9784351E-11  -1.1277535E-11  -1.9640635E-11  -1.1188053E-11
  15.800  -1.7595694E-11  -1.0030361E-11  -1.7468330E-11  -9.9510323E-12
  15.850  -1.5648488E-11  -8.9211623E-12  -1.5535617E-11  -8.8508341E-12
  15.900  -1.3916012E-11  -7.9346435E-12  -1.3815988E-11  -7.8722933E-12
  15.950  -1.2374555E-11  -7.0572068E-12  -1.2285919E-11  -7.0019288E-12
  16.000  -1.1003063E-11  -6.2767666E-12  -1.0924523E-11  -6.2277582E-12
  16.050  -9.7828399E-12  -5.5825814E-12  -9.7132490E-12  -5.5391313E-12
  16.100  -8.6972686E-12  -4.9651048E-12  -8.6356113E-12  -4.9265826E-12
  16.150  -7.7315752E-12  -4.4158521E-12  -7.6769505E-12  -4.3816989E-12
  16.200  -6.8726162E-12  -3.9272821E-12  -6.8242250E-12  -3.8970026E-12
  16.250  -6.1086923E-12  -3.4926912E-12  -6.0658258E-12  -3.4658464E-12
  16.300  -5.4293844E-12  -3.1061205E-12  -5.3914139E-12  -3.0823209E-12
  16.350  -4.8254098E-12  -2.7622716E-12  -4.7917775E-12  -2.7411721E-12
  16.400  -4.2884950E-12  -2.4564330E-12  -4.2587061E-12  -2.4377276E-12
  16.450  -3.8112645E-12  -2.1844147E-12  -3.7848804E-12  -2.1678319E-12
  16.500  -3.3871425E-12  -1.9424896E-12  -3.3637741E-12  -1.9277886E-12
  16.550  -3.0102663E-12  -1.7273419E-12  -2.9895687E-12  -1.7143093E-12
  16.600  -2.6754096E-12  -1.5360217E-12  -2.6570770E-12  -1.5244681E-12
  16.650  -2.3779147E-12  -1.3659039E-12  -2.3616762E-12  -1.3556614E-12
  16.700  -2.1136322E-12  -1.2146526E-12  -2.0992478E-12  -1.2055723E-12
  16.750  -1.8788673E-12  -1.0801893E-12  -1.8661243E-12  -1.0721391E-12
  16.800  -1.6703319E-12  -9.6066438E-13  -1.6590420E-12  -9.5352701E-13
  16.850  -1.4851016E-12  -8.5443203E-13  -1.4750981E-12  -8.4810361E-13
  16.900  -1.3205774E-12  -7.6002814E-13  -1.3117127E-12  -7.5441650E-13
  16.950  -1.1744513E-12  -6.7615043E-13  -1.1665946E-12  -6.7117380E-13
  17.000  -1.0446749E-12  -6.0164083E-13  -1.0377106E-12  -5.9722668E-13
  17.050  -9.2943197E-13  -5.3546985E-13  -9.2325744E-13  -5.3155384E-13
  17.100  -8.2711290E-13  -4.7672262E-13  -8.2163739E-13  -4.7324767E-13
  17.150  -7.3629253E-13  -4.2458646E-13  -7.3143557E-13  -4.2150192E-13
  17.200  -6.5570973E-13  -3.7833984E-13  -6.5139999E-13  -3.7560072E-13
  17.250  -5.8424929E-13  -3.3734240E-13  -5.8042347E-13  -3.3490879E-13
  17.300  -5.2092568E-13  -3.0102620E-13  -5.1752759E-13  -2.9886263E-13
  17.350  -4.6486852E-13  -2.6888780E-13  -4.6184822E-13  -2.6696274E-13
  17.400  -4.1530964E-13  -2.4048120E-13  -4.1262268E-13  -2.3876660E-13
  17.450  -3.7157152E-13  -2.1541155E-13  -3.6917833E-13  -2.1388246E-13
  17.500  -3.3305710E-13  -1.9332953E-13  -3.3092234E-13  -1.9196371E-13
  17.550  -2.9924062E-13  -1.7392631E-13  -2.9733270E-13  -1.7270391E-13
  17.600  -2.6965957E-13  -1.5692903E-13  -2.6795023E-13  -1.5583233E-13
  17.650  -2.4390758E-13  -1.4209678E-13  -2.4237143E-13  -1.4110993E-13
  17.700  -2.2162800E-13  -1.2921702E-13  -2.2024219E-13  -1.2832580E-13
  17.750  -2.0250832E-13  -1.1810233E-13  -2.0125222E-13  -1.1729398E-13
  17.800  -1.8627511E-13  -1.0858753E-13  -1.8513005E-13  -1.0785056E-13
  17.850  -1.7268956E-13  -1.0052707E-13  -1.7163857E-13  -9.9851124E-14
  17.900  -1.6154343E-13  -9.3792776E-14  -1.6057103E-13  -9.3168470E-14
  17.950  -1.5265544E-13  -8.8271675E-14  -1.5174746E-13  -8.7690509E-14
  18.000  -1.4586797E-13  -8.3864186E-14  -1.4501136E-13  -8.3318423E-14
  18.050  -1.4104407E-13  -8.0482411E-14  -1.4022677E-13  -7.9964990E-14
  18.100  -1.3806464E-13  -7.8048617E-14  -1.3727548E-13  -7.7553073E-14
  18.150  -1.3682599E-13  -7.6493869E-14  -1.3605451E-13  -7.6014266E-14
  18.200  -1.3723738E-13  -7.5756791E-14  -1.3647382E-13  -7.5287662E-14
  18.250  -1.3921887E-13  -7.5782453E-14  -1.3845404E-13  -7.5318747E-14
  18.300  -1.4269928E-13  -7.6521361E-14  -1.4192451E-13  -7.6058402E-14
  18.350  -1.4761425E-13  -7.7928551E-14  -1.4682133E-13  -7.7462002E-14
  18.400  -1.5390451E-13  -7.9962775E-14  -1.5308564E-13  -7.9488602E-14
  18.450  -1.6151417E-13  -8.2585768E-14  -1.6066197E-13  -8.2100221E-14
  18.500  -1.7038927E-13  -8.5761599E-14  -1.6949672E-13  -8.5261188E-14
  18.550  -1.8047641E-13  -8.9456098E-14  -1.7953682E-13  -8.8937576E-14
  18.600  -1.9172147E-13  -9.3636354E-14  -1.9072853E-13  -9.3096704E-14
  18.650  -2.0406859E-13  -9.8270279E-14  -2.0301633E-13  -9.7706705E-14
  18.700  -2.1745922E-13  -1.0332625E-13  -2.1634202E-13  -1.0273617E-13
  18.750  -2.3183139E-13  -1.0877279E-13  -2.3064400E-13  -1.0815383E-13
  18.800  -2.4711911E-13  -1.1457836E-13  -2.4585667E-13  -1.1392836E-13
  18.850  -2.6325200E-13  -1.2071116E-13  -2.6191003E-13  -1.2002815E-13
  18.900  -2.8015502E-13  -1.2713901E-13  -2.7872949E-13  -1.2642124E-13
  18.950  -2.9774847E-13  -1.3382930E-13  -2.9623576E-13  -1.3307521E-13
  19.000  -3.1594810E-13  -1.4074896E-13  -3.1434508E-13  -1.3995719E-13
  19.050  -3.3466544E-13  -1.4786451E-13  -3.3296942E-13  -1.4703393E-13
  19.100  -3.5380823E-13  -1.5514214E-13  -3.5201705E-13  -1.5427180E-13
  19.150  -3.7328108E-13  -1.6254781E-13  -3.7139307E-13  -1.6163699E-13
  19.200  -3.9298620E-13  -1.7004746E-13  -3.9100023E-13  -1.6909562E-13
  19.250  -4.1282431E-13  -1.7760713E-13  -4.1073975E-13  -1.7661394E-13
  19.300  -4.3269554E-13  -1.8519321E-13  -4.3051230E-13  -1.8415855E-13
  19.350  -4.5250052E-13  -1.9277266E-13  -4.5021904E-13  -1.9169659E-13
  19.400  -4.7214148E-13  -2.0031324E-13  -4.6976270E-13  -1.9919603E-13
  19.450  -4.9152328E-13  -2.0778376E-13  -4.8904866E-13  -2.0662584E-13
  19.500  -5.1055457E-13  -2.1515433E-13  -5.0798604E-13  -2.1395632E-13
  19.550  -5.2914883E-13  -2.2239656E-13  -5.2648877E-13  -2.2115924E-13
  19.600  -5.4722532E-13  -2.2948383E-13  -5.4447654E-13  -2.2820815E-13
  19.650  -5.6471003E-13  -2.3639146E-13  -5.6187572E-13  -2.3507850E-13
  19.700  -5.8153643E-13  -2.4309689E-13  -5.7862015E-13  -2.4174786E-13
  19.750  -5.9764616E-13  -2.4957984E-13  -5.9465176E-13  -2.4819608E-13
  19.800  -6.1298952E-13  -2.5582244E-13  -6.0992110E-13  -2.5440538E-13
  19.850  -6.2752579E-13  -2.6180929E-13  -6.2438769E-13  -2.6036045E-13
  19.900  -6.4122345E-13  -2.6752753E-13  -6.3802016E-13  -2.6604851E-13
  19.950  -6.5406019E-13  -2.7296685E-13  -6.5079631E-13  -2.7145932E-13
  20.000  -6.6602271E-13  -2.7811948E-13  -6.6270292E-13  -2.7658514E-13
  20.050  -6.7710644E-13  -2.8298013E-13  -6.7373545E-13  -2.8142072E-13
  20.100  -6.8731508E-13  -2.8754590E-13  -6.8389756E-13  -2.8596316E-13
  20.150  -6.9665995E-13  -2.9181617E-13  -6.9320053E-13  -2.9021186E-13
  20.200  -7.0515934E-13  -2.9579246E-13  -7.0166254E-13  -2.9416831E-13
  20.250  -7.1283767E-13  -2.9947824E-13  -7.0930788E-13  -2.9783599E-13
  20.300  -7.1972463E-13  -3.0287881E-13  -7.1616607E-13  -3.0122012E-13
  20.350  -7.2585428E-13  -3.0600101E-13  -7.2227100E-13  -3.0432755E-13
  20.400  -7.3126408E-13  -3.0885310E-13  -7.2765992E-13  -3.0716646E-13
  20.450  -7.3599402E-13  -3.1144452E-13  -7.3237262E-13  -3.0974622E-13
  20.500  -7.4008573E-13  -3.1378564E-13  -7.3645049E-13  -3.1207717E-13
  20.550  -7.4358161E-13  -3.1588761E-13  -7.3993569E-13  -3.1417038E-13
  20.600  -7.4652409E-13  -3.1776216E-13  -7.4287043E-13  -3.1603749E-13
  20.650  -7.4895497E-13  -3.1942135E-13  -7.4529628E-13  -3.1769052E-13
  20.700  -7.5091482E-13  -3.2087748E-13  -7.4725359E-13  -3.1914168E-13
  20.750  -7.5244253E-13  -3.2214289E-13  -7.4878103E-13  -3.2040322E-13
  20.800  -7.5357494E-13  -3.2322981E-13  -7.4991523E-13  -3.2148732E-13
  20.850  -7.5434656E-13  -3.2415028E-13  -7.5069052E-13  -3.2240593E-13
  20.900  -7.5478947E-13  -3.2491602E-13  -7.5113881E-13  -3.2317071E-13
  20.950  -7.5493322E-13  -3.2553837E-13  -7.5128946E-13  -3.2379293E-13
  21.000  -7.5480487E-13  -3.2602822E-13  -7.5116940E-13  -3.2428340E-13
  21.050  -7.5442908E-13  -3.2639594E-13  -7.5080315E-13  -3.2465245E-13
  21.100  -7.5382827E-13  -3.2665139E-13  -7.5021299E-13  -3.2490986E-13
  21.150  -7.5302280E-13  -3.2680388E-13  -7.4941918E-13  -3.2506490E-13
  21.200  -7.5203119E-13  -3.2686217E-13  -7.4844012E-13  -3.2512627E-13
  21.250  -7.5087034E-13  -3.2683447E-13  -7.4729265E-13  -3.2510213E-13
  21.300  -7.4955580E-13  -3.2672845E-13  -7.4599221E-13  -3.2500010E-13
  21.350  -7.4810190E-13  -3.2655129E-13  -7.4455306E-13  -3.2482731E-13
  21.400  -7.4652201E-13  -3.2630962E-13  -7.4298849E-13  -3.2459037E-13
  21.450  -7.4482866E-13  -3.2600962E-13  -7.4131097E-13  -3.2429542E-13
  21.500  -7.4303366E-13  -3.2565703E-13  -7.3953225E-13  -3.2394815E-13
  21.550  -7.4114820E-13  -3.2525712E-13  -7.3766345E-13  -3.2355382E-13
  21.600  -7.3918288E-13  -3.2481478E-13  -7.3571513E-13  -3.2311727E-13
  21.650  -7.3714774E-13  -3.2433450E-13  -7.3369728E-13  -3.2264297E-13
  21.700  -7.3505224E-13  -3.2382037E-13  -7.3161931E-13  -3.2213500E-13
  21.750  -7.3290523E-13  -3.2327617E-13  -7.2949000E-13  -3.2159709E-13
  21.800  -7.3071486E-13  -3.2270529E-13  -7.2731750E-13  -3.2103263E-13
  21.850  -7.2848860E-13  -3.2211081E-13  -7.2510921E-13  -3.2044469E-13
  21.900  -7.2623310E-13  -3.2149551E-13  -7.2287175E-13  -3.1983600E-13
  21.950  -7.2395417E-13  -3.2086183E-13  -7.2061091E-13  -3.1920903E-13
  22.000  -7.2165677E-13  -3.2021195E-13  -7.1833163E-13  -3.1856591E-13
  22.050  -7.1934495E-13  -3.1954776E-13  -7.1603791E-13  -3.1790854E-13
  22.100  -7.1702186E-13  -3.1887090E-13  -7.1373291E-13  -3.1723853E-13
  22.150  -7.1468979E-13  -3.1818274E-13  -7.1141891E-13  -3.1655727E-13
  22.200  -7.1235024E-13  -3.1748446E-13  -7.0909737E-13  -3.1586592E-13
  22.250  -7.1000394E-13  -3.1677701E-13  -7.0676904E-13  -3.1516541E-13
  22.300  -7.0765098E-13  -3.1606117E-13  -7.0443399E-13  -3.1445652E-13
  22.350  -7.0529092E-13  -3.1533753E-13  -7.0209181E-13  -3.1373986E-13
  22.400  -7.0292292E-13  -3.1460658E-13  -6.9974163E-13  -3.1301589E-13
  22.450  -7.0054583E-13  -3.1386865E-13  -6.9738232E-13  -3.1228496E-13
  22.500  -6.9815837E-13  -3.1312402E-13  -6.9501261E-13  -3.1154733E-13
  22.550  -6.9575921E-13  -3.1237287E-13  -6.9263116E-13  -3.1080318E-13
  22.600  -6.9334710E-13  -3.1161532E-13  -6.9023675E-13  -3.1005263E-13
  22.650  -6.9092098E-13  -3.1085147E-13  -6.8782829E-13  -3.0929580E-13
  22.700  -6.8848000E-13  -3.1008141E-13  -6.8540498E-13  -3.0853275E-13
  22.750  -6.8602366E-13  -3.0930521E-13  -6.8296629E-13  -3.0776357E-13
  22.800  -6.8355177E-13  -3.0852295E-13  -6.8051204E-13  -3.0698832E-13
  22.850  -6.8106450E-13  -3.0773473E-13  -6.7804239E-13  -3.0620711E-13
  22.900  -6.7856232E-13  -3.0694064E-13  -6.7555784E-13  -3.0542005E-13
  22.950  -6.7604605E-13  -3.0614084E-13  -6.7305917E-13  -3.0462727E-13
  23.000  -6.7351673E-13  -3.0533547E-13  -6.7054744E-13  -3.0382891E-13
  23.050  -6.7097560E-13  -3.0452470E-13  -6.6802388E-13  -3.0302516E-13
  23.100  -6.6842403E-13  -3.0370872E-13  -6.6548985E-13  -3.0221620E-13
  23.150  -6.6586343E-13  -3.0288772E-13  -6.6294677E-13  -3.0140221E-13
  23.200  -6.6329520E-13  -3.0206191E-13  -6.6039601E-13  -3.0058341E-13
  23.250  -6.6072066E-13  -3.0123147E-13  -6.5783890E-13  -2.9975997E-13
  23.300  -6.5814098E-13  -3.0039659E-13  -6.5527660E-13  -2.9893209E-13
  23.350  -6.5555715E-13  -2.9955745E-13  -6.5271011E-13  -2.9809994E-13
  23.400  -6.5296995E-13  -2.9871419E-13  -6.5014017E-13  -2.9726367E-13
  23.450  -6.5037990E-13  -2.9786695E-13  -6.4756734E-13  -2.9642341E-13
  23.500  -6.4778730E-13  -2.9701584E-13  -6.4499189E-13  -2.9557927E-13
  23.550  -6.4519222E-13  -2.9616094E-13  -6.4241389E-13  -2.9473132E-13
  23.600  -6.4259450E-13  -2.9530230E-13  -6.3983320E-13  -2.9387963E-13
  23.650  -6.3999384E-13  -2.9443996E-13  -6.3724951E-13  -2.9302423E-13
  23.700  -6.3738979E-13  -2.9357394E-13  -6.3466236E-13  -2.9216514E-13
  23.750  -6.3478180E-13  -2.9270423E-13  -6.3207122E-13  -2.9130235E-13
  23.800  -6.3216930E-13  -2.9183082E-13  -6.2947552E-13  -2.9043586E-13
  23.850  -6.2955171E-13  -2.9095370E-13  -6.2687468E-13  -2.8956564E-13
  23.900  -6.2692852E-13  -2.9007284E-13  -6.2426819E-13  -2.8869167E-13
  23.950  -6.2429928E-13  -2.8918822E-13  -6.2165560E-13  -2.8781394E-13
  24.000  -6.2166365E-13  -2.8829982E-13  -6.1903659E-13  -2.8693241E-13
  24.050  -6.1902145E-13  -2.8740764E-13  -6.1641095E-13  -2.8604710E-13
  24.100  -6.1637261E-13  -2.8651169E-13  -6.1377864E-13  -2.8515800E-13
  24.150  -6.1371723E-13  -2.8561197E-13  -6.1113975E-13  -2.8426513E-13
  24.200  -6.1105553E-13  -2.8470852E-13  -6.0849449E-13  -2.8336853E-13
  24.250  -6.0838785E-13  -2.8380140E-13  -6.0584323E-13  -2.8246823E-13
  24.300  -6.0571466E-13  -2.8289064E-13  -6.0318639E-13  -2.8156430E-13
  24.350  -6.0303646E-13  -2.8197633E-13  -6.0052451E-13  -2.8065680E-13
  24.400  -6.0035384E-13  -2.8105855E-13  -5.9785816E-13  -2.7974582E-13
  24.450  -5.9766737E-13  -2.8013738E-13  -5.9518791E-13  -2.7883145E-13
  24.500  -5.9497765E-13  -2.7921292E-13  -5.9251436E-13  -2.7791376E-13
  24.550  -5.9228523E-13  -2.7828525E-13  -5.8983805E-13  -2.7699287E-13
  24.600  -5.8959059E-13  -2.7735448E-13  -5.8715948E-13  -2.7606885E-13
  24.650  -5.8689418E-13  -2.7642068E-13  -5.8447907E-13  -2.7514181E-13
  24.700  -5.8419635E-13  -2.7548396E-13  -5.8179718E-13  -2.7421182E-13
  24.750  -5.8149737E-13  -2.7454438E-13  -5.7911408E-13  -2.7327897E-13
  24.800  -5.7879742E-13  -2.7360203E-13  -5.7642996E-13  -2.7234333E-13
  24.850  -5.7609662E-13  -2.7265696E-13  -5.7374493E-13  -2.7140496E-13
  24.900  -5.7339501E-13  -2.7170925E-13  -5.7105903E-13  -2.7046393E-13
  24.950  -5.7069260E-13  -2.7075893E-13  -5.6837226E-13  -2.6952029E-13
  25.000  -5.6798934E-13  -2.6980606E-13  -5.6568459E-13  -2.6857408E-13
  25.050  -5.6528516E-13  -2.6885067E-13  -5.6299594E-13  -2.6762534E-13
  25.100  -5.6257999E-13  -2.6789280E-13  -5.6030624E-13  -2.6667411E-13
  25.150  -5.5987377E-13  -2.6693249E-13  -5.5761543E-13  -2.6572042E-13
  25.200  -5.5716645E-13  -2.6596977E-13  -5.5492348E-13  -2.6476431E-13
  25.250  -5.5445803E-13  -2.6500468E-13  -5.5223035E-13  -2.6380581E-13
  25.300  -5.5174853E-13  -2.6403724E-13  -5.4953609E-13  -2.6284495E-13
  25.350  -5.4903800E-13  -2.6306750E-13  -5.4684076E-13  -2.6188177E-13
  25.400  -5.4632657E-13  -2.6209549E-13  -5.4414445E-13  -2.6091631E-13
  25.450  -5.4361437E-13  -2.6112125E-13  -5.4144733E-13  -2.5994861E-13
  25.500  -5.4090160E-13  -2.6014484E-13  -5.3874958E-13  -2.5897872E-13
  25.550  -5.3818845E-13  -2.5916629E-13  -5.3605139E-13  -2.5800668E-13
  25.600  -5.3547517E-13  -2.5818566E-13  -5.3335302E-13  -2.5703255E-13
  25.650  -5.3276200E-13  -2.5720300E-13  -5.3065469E-13  -2.5605637E-13
  25.700  -5.3004919E-13  -2.5621837E-13  -5.2795667E-13  -2.5507820E-13
  25.750  -5.2733699E-13  -2.5523181E-13  -5.2525921E-13  -2.5409809E-13
  25.800  -5.2462564E-13  -2.5424338E-13  -5.2256252E-13  -2.5311610E-13
  25.850  -5.2191536E-13  -2.5325313E-13  -5.1986685E-13  -2.5213227E-13
  25.900  -5.1920635E-13  -2.5226110E-13  -5.1717239E-13  -2.5114665E-13
  25.950  -5.1649878E-13  -2.5126734E-13  -5.1447931E-13  -2.5015927E-13
  26.000  -5.1379281E-13  -2.5027188E-13  -5.1178776E-13  -2.4917019E-13
  26.050  -5.1108857E-13  -2.4927475E-13  -5.0909789E-13  -2.4817942E-13
  26.100  -5.0838616E-13  -2.4827597E-13  -5.0640977E-13  -2.4718698E-13
  26.150  -5.0568566E-13  -2.4727556E-13  -5.0372351E-13  -2.4619290E-13
  26.200  -5.0298712E-13  -2.4627351E-13  -5.0103915E-13  -2.4519716E-13
  26.250  -5.0029059E-13  -2.4526981E-13  -4.9835674E-13  -2.4419976E-13
  26.300  -4.9759610E-13  -2.4426445E-13  -4.9567630E-13  -2.4320067E-13
  26.350  -4.9490364E-13  -2.4325737E-13  -4.9299784E-13  -2.4219986E-13
  26.400  -4.9221323E-13  -2.4224853E-13  -4.9032136E-13  -2.4119727E-13
  26.450  -4.8952484E-13  -2.4123784E-13  -4.8764683E-13  -2.4019282E-13
  26.500  -4.8683842E-13  -2.4022522E-13  -4.8497423E-13  -2.3918642E-13
  26.550  -4.8415394E-13  -2.3921053E-13  -4.8230350E-13  -2.3817795E-13
  26.600  -4.8147130E-13  -2.3819363E-13  -4.7963455E-13  -2.3716724E-13
  26.650  -4.7879040E-13  -2.3717434E-13  -4.7696728E-13  -2.3615413E-13
  26.700  -4.7611108E-13  -2.3615242E-13  -4.7430154E-13  -2.3513838E-13
  26.750  -4.7343315E-13  -2.3512762E-13  -4.7163714E-13  -2.3411974E-13
  26.800  -4.7075637E-13  -2.3409963E-13  -4.6897382E-13  -2.3309791E-13
  26.850  -4.6808040E-13  -2.3306808E-13  -4.6631126E-13  -2.3207251E-13
  26.900  -4.6540485E-13  -2.3203256E-13  -4.6364908E-13  -2.3104313E-13
  26.950  -4.6272923E-13  -2.3099258E-13  -4.6098676E-13  -2.3000928E-13
  27.000  -4.6005292E-13  -2.2994757E-13  -4.5832371E-13  -2.2897041E-13
  27.050  -4.5737520E-13  -2.2889690E-13  -4.5565921E-13  -2.2792588E-13
  27.100  -4.5469520E-13  -2.2783983E-13  -4.5299238E-13  -2.2687495E-13
  27.150  -4.5201189E-13  -2.2677554E-13  -4.5032220E-13  -2.2581680E-13
  27.200  -4.4932406E-13  -2.2570308E-13  -4.4764747E-13  -2.2475050E-13
  27.250  -4.4663029E-13  -2.2462141E-13  -4.4496678E-13  -2.2367501E-13
  27.300  -4.4392898E-13  -2.2352936E-13  -4.4227851E-13  -2.2258915E-13
  27.350  -4.4121825E-13  -2.2242562E-13  -4.3958081E-13  -2.2149162E-13
  27.400  -4.3849597E-13  -2.2130875E-13  -4.3687156E-13  -2.2038099E-13
  27.450  -4.3575974E-13  -2.2017714E-13  -4.3414835E-13  -2.1925567E-13
  27.500  -4.3300684E-13  -2.1902905E-13  -4.3140849E-13  -2.1811390E-13
  27.550  -4.3023423E-13  -2.1786257E-13  -4.2864892E-13  -2.1695380E-13
  27.600  -4.2743852E-13  -2.1667562E-13  -4.2586629E-13  -2.1577328E-13
  27.650  -4.2461593E-13  -2.1546594E-13  -4.2305682E-13  -2.1457009E-13
  27.700  -4.2176231E-13  -2.1423110E-13  -4.2021638E-13  -2.1334183E-13
  27.750  -4.1887311E-13  -2.1296850E-13  -4.1734043E-13  -2.1208589E-13
  27.800  -4.1594334E-13  -2.1167535E-13  -4.1442401E-13  -2.1079950E-13
  27.850  -4.1296760E-13  -2.1034871E-13  -4.1146172E-13  -2.0947972E-13
  27.900  -4.0994004E-13  -2.0898543E-13  -4.0844774E-13  -2.0812343E-13
  27.950  -4.0685438E-13  -2.0758224E-13  -4.0537580E-13  -2.0672736E-13
  28.000  -4.0370391E-13  -2.0613570E-13  -4.0223924E-13  -2.0528808E-13
  28.050  -4.0048150E-13  -2.0464224E-13  -3.9903093E-13  -2.0380204E-13
  28.100  -3.9717964E-13  -2.0309816E-13  -3.9574338E-13  -2.0226556E-13
  28.150  -3.9379043E-13  -2.0149967E-13  -3.9236874E-13  -2.0067485E-13
  28.200  -3.9030564E-13  -1.9984291E-13  -3.8889880E-13  -1.9902606E-13
  28.250  -3.8671678E-13  -1.9812394E-13  -3.8532508E-13  -1.9731529E-13
  28.300  -3.8301510E-13  -1.9633883E-13  -3.8163887E-13  -1.9553861E-13
  28.350  -3.7919170E-13  -1.9448365E-13  -3.7783132E-13  -1.9369211E-13
  28.400  -3.7523760E-13  -1.9255453E-13  -3.7389345E-13  -1.9177193E-13
  28.450  -3.7114381E-13  -1.9054769E-13  -3.6981632E-13  -1.8977430E-13
  28.500  -3.6690144E-13  -1.8845946E-13  -3.6559106E-13  -1.8769558E-13
  28.550  -3.6250180E-13  -1.8628638E-13  -3.6120901E-13  -1.8553230E-13
  28.600  -3.5793649E-13  -1.8402518E-13  -3.5666180E-13  -1.8328122E-13
  28.650  -3.5319755E-13  -1.8167288E-13  -3.5194149E-13  -1.8093936E-13
  28.700  -3.4827757E-13  -1.7922682E-13  -3.4704071E-13  -1.7850407E-13
  28.750  -3.4316981E-13  -1.7668468E-13  -3.4195273E-13  -1.7597305E-13
  28.800  -3.3786834E-13  -1.7404457E-13  -3.3667164E-13  -1.7334442E-13
  28.850  -3.3236816E-13  -1.7130507E-13  -3.3119245E-13  -1.7061674E-13
  28.900  -3.2666531E-13  -1.6846523E-13  -3.2551124E-13  -1.6778909E-13
  28.950  -3.2075705E-13  -1.6552468E-13  -3.1962524E-13  -1.6486108E-13
  29.000  -3.1464189E-13  -1.6248360E-13  -3.1353299E-13  -1.6183290E-13
  29.050  -3.0831976E-13  -1.5934280E-13  -3.0723441E-13  -1.5870535E-13
  29.100  -3.0179208E-13  -1.5610371E-13  -3.0073092E-13  -1.5547987E-13
  29.150  -2.9506185E-13  -1.5276846E-13  -2.9402551E-13  -1.5215857E-13
  29.200  -2.8813368E-13  -1.4933982E-13  -2.8712277E-13  -1.4874420E-13
  29.250  -2.8101389E-13  -1.4582126E-13  -2.8002899E-13  -1.4524024E-13
  29.300  -2.7371047E-13  -1.4221696E-13  -2.7275215E-13  -1.4165082E-13
  29.350  -2.6623316E-13  -1.3853174E-13  -2.6530194E-13  -1.3798077E-13
  29.400  -2.5859334E-13  -1.3477111E-13  -2.5768972E-13  -1.3423558E-13
  29.450  -2.5080408E-13  -1.3094124E-13  -2.4992849E-13  -1.3042136E-13
  29.500  -2.4288001E-13  -1.2704888E-13  -2.4203286E-13  -1.2654488E-13
  29.550  -2.3483727E-13  -1.2310137E-13  -2.3401889E-13  -1.2261343E-13
  29.600  -2.2669337E-13  -1.1910661E-13  -2.2590404E-13  -1.1863487E-13
  29.650  -2.1846708E-13  -1.1507292E-13  -2.1770702E-13  -1.1461751E-13
  29.700  -2.1017827E-13  -1.1100910E-13  -2.0944763E-13  -1.1057009E-13
  29.750  -2.0184775E-13  -1.0692425E-13  -2.0114661E-13  -1.0650170E-13
  29.800  -1.9349707E-13  -1.0282779E-13  -1.9282543E-13  -1.0242171E-13
  29.850  -1.8514833E-13  -9.8729331E-14  -1.8450614E-13  -9.8339702E-14
  29.900  -1.7682398E-13  -9.4638626E-14  -1.7621109E-13  -9.4265384E-14
  29.950  -1.6854659E-13  -9.0565473E-14  -1.6796278E-13  -9.0208522E-14
  30.000  -1.6033866E-13  -8.6519648E-14  -1.5978364E-13  -8.6178852E-14
  30.050  -1.5222236E-13  -8.2510816E-14  -1.5169578E-13  -8.2186004E-14
  30.100  -1.4421938E-13  -7.8548456E-14  -1.4372078E-13  -7.8239420E-14
  30.150  -1.3635066E-13  -7.4641781E-14  -1.3587954E-13  -7.4348279E-14
  30.200  -1.2863623E-13  -7.0799669E-14  -1.2819202E-13  -7.0521424E-14
  30.250  -1.2109503E-13  -6.7030587E-14  -1.2067709E-13  -6.6767293E-14
  30.300  -1.1374472E-13  -6.3342534E-14  -1.1335236E-13  -6.3093853E-14
  30.350  -1.0660158E-13  -5.9742978E-14  -1.0623405E-13  -5.9508543E-14
  30.400  -9.9680322E-14  -5.6238804E-14  -9.9336820E-14  -5.6018224E-14
  30.450  -9.2994028E-14  -5.2836273E-14  -9.2673721E-14  -5.2629134E-14
  30.500  -8.6554060E-14  -4.9540984E-14  -8.6256072E-14  -4.9346850E-14
  30.550  -8.0369996E-14  -4.6357844E-14  -8.0093422E-14  -4.6176262E-14
  30.600  -7.4449603E-14  -4.3291048E-14  -7.4193512E-14  -4.3121549E-14
  30.650  -6.8798823E-14  -4.0344068E-14  -6.8562268E-14  -4.0186172E-14
  30.700  -6.3421787E-14  -3.7519650E-14  -6.3203808E-14  -3.7372865E-14
  30.750  -5.8320855E-14  -3.4819813E-14  -5.8120485E-14  -3.4683643E-14
  30.800  -5.3496663E-14  -3.2245866E-14  -5.3312937E-14  -3.2119808E-14
  30.850  -4.8948208E-14  -2.9798423E-14  -4.8780164E-14  -2.9681973E-14
  30.900  -4.4672929E-14  -2.7477428E-14  -4.4519616E-14  -2.7370086E-14
  30.950  -4.0666818E-14  -2.5282190E-14  -4.0527301E-14  -2.5183457E-14
  31.000  -3.6924537E-14  -2.3211415E-14  -3.6797900E-14  -2.3120798E-14
  31.050  -3.3439542E-14  -2.1263248E-14  -3.3324894E-14  -2.1180263E-14
  31.100  -3.0204219E-14  -1.9435319E-14  -3.0100694E-14  -1.9359491E-14
  31.150  -2.7210019E-14  -1.7724789E-14  -2.7116785E-14  -1.7655656E-14
  31.200  -2.4447604E-14  -1.6128401E-14  -2.4363859E-14  -1.6065512E-14
  31.250  -2.1906979E-14  -1.4642529E-14  -2.1831958E-14  -1.4585450E-14
  31.300  -1.9577637E-14  -1.3263232E-14  -1.9510611E-14  -1.3211543E-14
  31.350  -1.7448684E-14  -1.1986303E-14  -1.7388963E-14  -1.1939603E-14
  31.400  -1.5508976E-14  -1.0807323E-14  -1.5455907E-14  -1.0765227E-14
  31.450  -1.3747229E-14  -9.7217077E-15  -1.3700200E-14  -9.6838496E-15
  31.500  -1.2152137E-14  -8.7247555E-15  -1.2110575E-14  -8.6907879E-15
  31.550  -1.0712472E-14  -7.8116933E-15  -1.0675842E-14  -7.7812876E-15
  31.600  -9.4171733E-15  -6.9777181E-15  -9.3849794E-15  -6.9505646E-15
  31.650  -8.2554312E-15  -6.2180362E-15  -8.2272149E-15  -6.1938443E-15
  31.700  -7.2167559E-15  -5.5278991E-15  -7.1920949E-15  -5.5063968E-15
  31.750  -6.2910369E-15  -4.9026353E-15  -6.2695437E-15  -4.8835691E-15
  31.800  -5.4685919E-15  -4.3376794E-15  -5.4499123E-15  -4.3208137E-15
  31.850  -4.7402052E-15  -3.8285963E-15  -4.7240167E-15  -3.8137130E-15
  31.900  -4.0971567E-15  -3.3711030E-15  -4.0831669E-15  -3.3580006E-15
  31.950  -3.5312415E-15  -2.9610855E-15  -3.5191862E-15  -2.9495789E-15
  32.000  -3.0347818E-15  -2.5946134E-15  -3.0244232E-15  -2.5845327E-15
  32.050  -2.6006305E-15  -2.2679506E-15  -2.5917553E-15  -2.2591406E-15
  32.100  -2.2221688E-15  -1.9775628E-15  -2.2145864E-15  -1.9698822E-15
  32.150  -1.8932976E-15  -1.7201227E-15  -1.8868384E-15  -1.7134430E-15
  32.200  -1.6084238E-15  -1.4925118E-15  -1.6029374E-15  -1.4867169E-15
  32.250  -1.3624432E-15  -1.2918207E-15  -1.3577965E-15  -1.2868058E-15
  32.300  -1.1507187E-15  -1.1153464E-15  -1.1467947E-15  -1.1110173E-15
  32.350  -9.6905754E-16  -9.6058873E-16  -9.6575350E-16  -9.5686085E-16
  32.400  -8.1368520E-16  -8.2524439E-16  -8.1091130E-16  -8.2204222E-16
  32.450  -6.8121889E-16  -7.0720011E-16  -6.7889689E-16  -7.0445638E-16
  32.500  -5.6864001E-16  -6.0452473E-16  -5.6670200E-16  -6.0217968E-16
  32.550  -4.7326651E-16  -5.1546039E-16  -4.7165376E-16  -5.1346110E-16
  32.600  -3.9272542E-16  -4.3841310E-16  -3.9138730E-16  -4.3671288E-16
  32.650  -3.2492602E-16  -3.7194299E-16  -3.2381905E-16  -3.7050073E-16
  32.700  -2.6803385E-16  -3.1475420E-16  -2.6712081E-16  -3.1353385E-16
  32.750  -2.2044589E-16  -2.6568483E-16  -2.1969504E-16  -2.6465486E-16
  32.800  -1.8076700E-16  -2.2369687E-16  -1.8015137E-16  -2.2282977E-16
  32.850  -1.4778787E-16  -1.8786629E-16  -1.4728462E-16  -1.8713816E-16
  32.900  -1.2046439E-16  -1.5737349E-16  -1.2005423E-16  -1.5676362E-16
  32.950  -9.7898648E-17  -1.3149406E-16  -9.7565349E-17  -1.3098454E-16
  33.000  -7.9321456E-17  -1.0958992E-16  -7.9051432E-17  -1.0916531E-16
  33.050  -6.4076478E-17  -9.1100992E-17  -6.3858373E-17  -9.0748063E-17
  33.100  -5.1605810E-17  -7.5537374E-17  -5.1430170E-17  -7.5244769E-17
  33.150  -4.1437034E-17  -6.2471968E-17  -4.1296017E-17  -6.2229999E-17
  33.200  -3.3171644E-17  -5.1533701E-17  -3.3058767E-17  -5.1334118E-17
  33.250  -2.6474747E-17  -4.2401252E-17  -2.6384666E-17  -4.2237054E-17
  33.300  -2.1065967E-17  -3.4797308E-17  -2.0994296E-17  -3.4662569E-17
  33.350  -1.6711448E-17  -2.8483326E-17  -1.6654597E-17  -2.8373046E-17
  33.400  -1.3216857E-17  -2.3254786E-17  -1.3171899E-17  -2.3164757E-17
  33.450  -1.0421308E-17  -1.8936910E-17  -1.0385862E-17  -1.8863604E-17
  33.500  -8.1920883E-18  -1.5380824E-17  -8.1642265E-18  -1.5321290E-17
  33.550  -6.4201313E-18  -1.2460127E-17  -6.3982978E-18  -1.2411902E-17
  33.600  -5.0161285E-18  -1.0067841E-17  -4.9990710E-18  -1.0028878E-17
  33.650  -3.9072163E-18  -8.1137196E-18  -3.8939307E-18  -8.0823216E-18
  33.700  -3.0341634E-18  -6.5218696E-18  -3.0238473E-18  -6.4966337E-18
  33.750  -2.3489939E-18  -5.2286732E-18  -2.3410079E-18  -5.2084428E-18
  33.800  -1.8129880E-18  -4.1809691E-18  -1.8068248E-18  -4.1647937E-18
  33.850  -1.3950086E-18  -3.3344742E-18  -1.3902666E-18  -3.3215747E-18
  33.900  -1.0701053E-18  -2.6524156E-18  -1.0664680E-18  -2.6421554E-18
  33.950  -8.1835675E-19  -2.1043525E-18  -8.1557532E-19  -2.0962130E-18
  34.000  -6.2391326E-19  -1.6651643E-18  -6.2179285E-19  -1.6587239E-18
  34.050  -4.7420928E-19  -1.3141844E-18  -4.7259776E-19  -1.3091019E-18
  34.100  -3.5931811E-19  -1.0344635E-18  -3.5809710E-19  -1.0304630E-18
  34.150  -2.7142531E-19  -8.1214327E-19  -2.7050303E-19  -8.0900280E-19
  34.200  -2.0440087E-19  -6.3592786E-19  -2.0370637E-19  -6.3346895E-19
  34.250  -1.5345297E-19  -4.9663786E-19  -1.5293162E-19  -4.9471766E-19
  34.300  -1.1484897E-19  -3.8683670E-19  -1.1445879E-19  -3.8534113E-19
  34.350  -8.5691390E-20  -3.0051801E-19  -8.5400287E-20  -2.9935623E-19
  34.400  -6.3738912E-20  -2.3284530E-19  -6.3522397E-20  -2.3194520E-19
  34.450  -4.7263797E-20  -1.7993588E-19  -4.7103255E-20  -1.7924035E-19
  34.500  -3.4938817E-20  -1.3868215E-19  -3.4820146E-20  -1.3814611E-19
  34.550  -2.5747946E-20  -1.0660438E-19  -2.5660497E-20  -1.0619235E-19
  34.600  -1.8916072E-20  -8.1729804E-20  -1.8851830E-20  -8.1413937E-20
  34.650  -1.3853915E-20  -6.2493674E-20  -1.3806867E-20  -6.2252164E-20
  34.700  -1.0115014E-20  -4.7658581E-20  -1.0080665E-20  -4.7474411E-20
  34.750  -7.3622764E-21  -3.6248904E-20  -7.3372766E-21  -3.6108833E-20
  34.800  -5.3420588E-21  -2.7497721E-20  -5.3239199E-21  -2.7391471E-20
  34.850  -3.8641629E-21  -2.0803953E-20  -3.8510428E-21  -2.0723572E-20
  34.900  -2.7864527E-21  -1.5697906E-20  -2.7769923E-21  -1.5637256E-20
  34.950  -2.0030729E-21  -1.1813637E-20  -1.9962725E-21  -1.1767997E-20
  35.000  -1.4354564E-21  -8.8668820E-21  -1.4305832E-21  -8.8326279E-21
  35.050  -1.0254884E-21  -6.6374770E-21  -1.0220072E-21  -6.6118367E-21
  35.100  -7.3032874E-22  -4.9554069E-21  -7.2784960E-22  -4.9362652E-21
  35.150  -5.1850420E-22  -3.6897693E-21  -5.1674418E-22  -3.6755172E-21
  35.200  -3.6697106E-22  -2.7400730E-21  -3.6572547E-22  -2.7294897E-21
  35.250  -2.5891454E-22  -2.0293993E-21  -2.5803575E-22  -2.0215613E-21
  35.300  -1.8210654E-22  -1.4990455E-21  -1.8148847E-22  -1.4932561E-21
  35.350  -1.2768462E-22  -1.1043417E-21  -1.2725127E-22  -1.1000769E-21
  35.400  -8.9247281E-23  -8.1139629E-22  -8.8944402E-23  -8.0826289E-22
  35.450  -6.2186235E-23  -5.9456987E-22  -6.1975202E-23  -5.9227389E-22
  35.500  -4.3195237E-23  -4.3452285E-22  -4.3048657E-23  -4.3284498E-22
  35.550  -2.9910197E-23  -3.1670994E-22  -2.9808703E-23  -3.1548704E-22
  35.600  -2.0646384E-23  -2.3022350E-22  -2.0576327E-23  -2.2933458E-22
  35.650  -1.4207235E-23  -1.6690756E-22  -1.4159029E-23  -1.6626314E-22
  35.700  -9.7457545E-24  -1.2068139E-22  -9.7126878E-24  -1.2021547E-22
  35.750  -6.6644032E-24  -8.7024619E-23  -6.6417921E-24  -8.6688648E-23
  35.800  -4.5430392E-24  -6.2586550E-23  -4.5276261E-24  -6.2344935E-23
  35.850  -3.0872421E-24  -4.4890716E-23  -3.0767684E-24  -4.4717422E-23
  35.900  -2.0913824E-24  -3.2112067E-23  -2.0842875E-24  -3.1988108E-23
  35.950  -1.4123240E-24  -2.2909510E-23  -1.4075329E-24  -2.2821078E-23
  36.000  -9.5076438E-25  -1.6300419E-23  -9.4753917E-25  -1.6237500E-23
  36.050  -6.3804128E-25  -1.1566893E-23  -6.3587697E-25  -1.1522247E-23
  36.100  -4.2683650E-25  -8.1859544E-24  -4.2538867E-25  -8.1543594E-24
  36.150  -2.8464976E-25  -5.7777157E-24  -2.8368426E-25  -5.7554164E-24
  36.200  -1.8923272E-25  -4.0670255E-24  -1.8859088E-25  -4.0513292E-24
  36.250  -1.2540573E-25  -2.8551646E-24  -1.2498039E-25  -2.8441457E-24
  36.300  -8.2846449E-26  -1.9990265E-24  -8.2565467E-26  -1.9913120E-24
  36.350  -5.4558880E-26  -1.3958502E-24  -5.4373843E-26  -1.3904636E-24
  36.400  -3.5817202E-26  -9.7205652E-25  -3.5695732E-26  -9.6830547E-25
  36.450  -2.3439708E-26  -6.7511287E-25  -2.3360217E-26  -6.7250777E-25
  36.500  -1.5291381E-26  -4.6762000E-25  -1.5239525E-26  -4.6581562E-25
  36.550  -9.9443157E-27  -3.2302882E-25  -9.9105935E-27  -3.2178240E-25
  36.600  -6.4466845E-27  -2.2254644E-25  -6.4248237E-27  -2.2168776E-25
  36.650  -4.1661120E-27  -1.5290825E-25  -4.1519850E-27  -1.5231828E-25
  36.700  -2.6838495E-27  -1.0477840E-25  -2.6747491E-27  -1.0437414E-25
  36.750  -1.7235258E-27  -7.1604922E-26  -1.7176818E-27  -7.1328665E-26
  36.800  -1.1033404E-27  -4.8802716E-26  -1.0995993E-27  -4.8614437E-26
  36.850  -7.0409787E-28  -3.3172242E-26  -7.0171059E-28  -3.3044268E-26
  36.900  -4.4790722E-28  -2.2487185E-26  -4.4638861E-28  -2.2400435E-26
  36.950  -2.8403662E-28  -1.5202832E-26  -2.8307363E-28  -1.5144185E-26
  37.000  -1.7955254E-28  -1.0250447E-26  -1.7894381E-28  -1.0210906E-26
  37.050  -1.1314607E-28  -6.8927059E-27  -1.1276248E-28  -6.8661177E-27
  37.100  -7.1075152E-29  -4.6223737E-27  -7.0834198E-29  -4.6045436E-27
  37.150  -4.4506791E-29  -3.0914944E-27  -4.4355911E-29  -3.0795698E-27
  37.200  -2.7782074E-29  -2.0620526E-27  -2.7687893E-29  -2.0540990E-27
  37.250  -1.7287520E-29  -1.3716985E-27  -1.7228917E-29  -1.3664078E-27
  37.300  -1.0723341E-29  -9.1000743E-28  -1.0686991E-29  -9.0649759E-28
  37.350  -6.6306591E-30  -6.0208578E-28  -6.6081829E-30  -5.9976363E-28
  37.400  -4.0870712E-30  -3.9728184E-28  -4.0732174E-30  -3.9574963E-28
  37.450  -2.5112872E-30  -2.6143621E-28  -2.5027750E-30  -2.6042795E-28
  37.500  -1.5381866E-30  -1.7157707E-28  -1.5329729E-30  -1.7091537E-28
  37.550  -9.3918227E-31  -1.1229980E-28  -9.3599897E-31  -1.1186672E-28
  37.600  -5.7163493E-31  -7.3303507E-29  -5.6969745E-31  -7.3020822E-29
  37.650  -3.4682901E-31  -4.7719551E-29  -3.4565350E-31  -4.7535530E-29
  37.700  -2.0976820E-31  -3.0980865E-29  -2.0905724E-31  -3.0861397E-29
  37.750  -1.2647108E-31  -2.0059318E-29  -1.2604245E-31  -1.9981967E-29
  37.800  -7.6009869E-32  -1.2952809E-29  -7.5752265E-32  -1.2902863E-29
  37.850  -4.5538181E-32  -8.3413585E-30  -4.5383852E-32  -8.3091947E-30
  37.900  -2.7196194E-32  -5.3571576E-30  -2.7104028E-32  -5.3365012E-30
  37.950  -1.6190756E-32  -3.4312841E-30  -1.6135888E-32  -3.4180539E-30
  38.000  -9.6084317E-33  -2.1918124E-30  -9.5758704E-33  -2.1833614E-30
  38.050  -5.6841306E-33  -1.3962858E-30  -5.6648684E-33  -1.3909023E-30
  38.100  -3.3519812E-33  -8.8709341E-31  -3.3406223E-33  -8.8367319E-31
  38.150  -1.9704476E-33  -5.6206723E-31  -1.9637705E-33  -5.5990021E-31
  38.200  -1.1546592E-33  -3.5516560E-31  -1.1507466E-33  -3.5379631E-31
  38.250  -6.7447867E-34  -2.2381907E-31  -6.7219320E-34  -2.2295618E-31
  38.300  -3.9274247E-34  -1.4066519E-31  -3.9141169E-34  -1.4012289E-31
  38.350  -2.2796733E-34  -8.8165647E-32  -2.2719489E-34  -8.7825756E-32
  38.400  -1.3190531E-34  -5.5110609E-32  -1.3145837E-34  -5.4898154E-32
  38.450  -7.6081087E-35  -3.4355313E-32  -7.5823305E-35  -3.4222873E-32
  38.500  -4.3743722E-35  -2.1358725E-32  -4.3595509E-35  -2.1276389E-32
  38.550  -2.5071434E-35  -1.3242785E-32  -2.4986489E-35  -1.3191736E-32
  38.600  -1.4324085E-35  -8.1885258E-33  -1.4275554E-35  -8.1569608E-33
  38.650  -8.1579066E-36  -5.0495699E-33  -8.1302674E-36  -5.0301053E-33
  38.700  -4.6314238E-36  -3.1054545E-33  -4.6157327E-36  -3.0934841E-33
  38.750  -2.6210429E-36  -1.9046620E-33  -2.6121630E-36  -1.8973204E-33
  38.800  -1.4786227E-36  -1.1650176E-33  -1.4736134E-36  -1.1605271E-33
  38.850  -8.3150363E-37  -7.1067126E-34  -8.2868666E-37  -7.0793202E-34
  38.900  -4.6611629E-37  -4.3234113E-34  -4.6453720E-37  -4.3067472E-34
  38.950  -2.6046396E-37  -2.6230450E-34  -2.5958158E-37  -2.6129350E-34
  39.000  -1.4508552E-37  -1.5871070E-34  -1.4459402E-37  -1.5809899E-34
  39.050  -8.0560738E-38  -9.5769631E-35  -8.0287831E-38  -9.5400518E-35
  39.100  -4.4590835E-38  -5.7632892E-35  -4.4439782E-38  -5.7410769E-35
  39.150  -2.4603135E-38  -3.4588672E-35  -2.4519792E-38  -3.4455365E-35
  39.200  -1.3531870E-38  -2.0702276E-35  -1.3486032E-38  -2.0622490E-35
  39.250  -7.4190380E-39  -1.2357281E-35  -7.3939068E-39  -1.2309657E-35
  39.300  -4.0547086E-39  -7.3561107E-36  -4.0409738E-39  -7.3277613E-36
  39.350  -2.2089904E-39  -4.3671082E-36  -2.2015079E-39  -4.3502782E-36
  39.400  -1.1996375E-39  -2.5855914E-36  -1.1955741E-39  -2.5756272E-36
  39.450  -6.4942372E-40  -1.5266728E-36  -6.4722398E-40  -1.5207895E-36
  39.500  -3.5045157E-40  -8.9898418E-37  -3.4926454E-40  -8.9551984E-37
  39.550  -1.8851657E-40  -5.2793205E-37  -1.8787805E-40  -5.2589764E-37
  39.600  -1.0108637E-40  -3.0918883E-37  -1.0074398E-40  -3.0799737E-37
  39.650  -5.4032747E-41  -1.8058814E-37  -5.3849737E-41  -1.7989226E-37
  39.700  -2.8790075E-41  -1.0518994E-37  -2.8692564E-41  -1.0478461E-37
  39.750  -1.5291488E-41  -6.1105271E-38  -1.5239696E-41  -6.0869812E-38
  39.800  -8.0961350E-42  -3.5399935E-38  -8.0687143E-42  -3.5263529E-38
  39.850  -4.2729391E-42  -2.0452457E-38  -4.2584673E-42  -2.0373649E-38
  39.900  -2.2480010E-42  -1.1784404E-38  -2.2403875E-42  -1.1738997E-38
  39.950  -1.1789273E-42  -6.7715613E-39  -1.1749346E-42  -6.7454697E-39
  40.000  -6.1630856E-43  -3.8805110E-39  -6.1422130E-43  -3.8655591E-39
