@legend string   0 "Partition=  1 Excit=  1 near/far= 1"
#legend string   0 "Lab energy =   24.2500"
@s0 linestyle   1
#  Theta       sigma       iT11        T20         T21         T22         Kyy for projectile
   1.000      0.1481E+09
   2.000      0.9328E+07
   3.000      0.1718E+07
   4.000      0.4814E+06
   5.000      0.1745E+06
   6.000      0.7786E+05
   7.000      0.4144E+05
   8.000      0.2513E+05
   9.000      0.1647E+05
   10.00      0.1117E+05
   11.00       7611.    
   12.00       5121.    
   13.00       3370.    
   14.00       2164.    
   15.00       1365.    
   16.00       861.9    
   17.00       567.8    
   18.00       411.2    
   19.00       337.7    
   20.00       307.6    
   21.00       294.4    
   22.00       282.2    
   23.00       263.6    
   24.00       236.7    
   25.00       203.3    
   26.00       166.6    
   27.00       130.2    
   28.00       97.28    
   29.00       69.83    
   30.00       48.77    
   31.00       34.07    
   32.00       24.91    
   33.00       20.09    
   34.00       18.24    
   35.00       18.05    
   36.00       18.50    
   37.00       18.81    
   38.00       18.58    
   39.00       17.63    
   40.00       16.03    
   41.00       13.94    
   42.00       11.61    
   43.00       9.276    
   44.00       7.132    
   45.00       5.314    
   46.00       3.890    
   47.00       2.865    
   48.00       2.201    
   49.00       1.827    
   50.00       1.661    
   51.00       1.622    
   52.00       1.639    
   53.00       1.661    
   54.00       1.652    
   55.00       1.595    
   56.00       1.489    
   57.00       1.341    
   58.00       1.166    
   59.00      0.9792    
   60.00      0.7963    
   61.00      0.6295    
   62.00      0.4869    
   63.00      0.3728    
   64.00      0.2875    
   65.00      0.2286    
   66.00      0.1916    
   67.00      0.1711    
   68.00      0.1618    
   69.00      0.1587    
   70.00      0.1577    
   71.00      0.1560    
   72.00      0.1519    
   73.00      0.1446    
   74.00      0.1341    
   75.00      0.1211    
   76.00      0.1065    
   77.00      0.9133E-01
   78.00      0.7650E-01
   79.00      0.6282E-01
   80.00      0.5084E-01
   81.00      0.4086E-01
   82.00      0.3297E-01
   83.00      0.2705E-01
   84.00      0.2287E-01
   85.00      0.2009E-01
   86.00      0.1836E-01
   87.00      0.1733E-01
   88.00      0.1671E-01
   89.00      0.1625E-01
   90.00      0.1577E-01
   91.00      0.1517E-01
   92.00      0.1438E-01
   93.00      0.1341E-01
   94.00      0.1229E-01
   95.00      0.1106E-01
   96.00      0.9784E-02
   97.00      0.8521E-02
   98.00      0.7323E-02
   99.00      0.6231E-02
   100.0      0.5272E-02
   101.0      0.4459E-02
   102.0      0.3794E-02
   103.0      0.3269E-02
   104.0      0.2867E-02
   105.0      0.2569E-02
   106.0      0.2352E-02
   107.0      0.2195E-02
   108.0      0.2079E-02
   109.0      0.1985E-02
   110.0      0.1902E-02
   111.0      0.1820E-02
   112.0      0.1732E-02
   113.0      0.1636E-02
   114.0      0.1532E-02
   115.0      0.1420E-02
   116.0      0.1304E-02
   117.0      0.1186E-02
   118.0      0.1070E-02
   119.0      0.9595E-03
   120.0      0.8560E-03
   121.0      0.7617E-03
   122.0      0.6779E-03
   123.0      0.6050E-03
   124.0      0.5428E-03
   125.0      0.4908E-03
   126.0      0.4480E-03
   127.0      0.4131E-03
   128.0      0.3848E-03
   129.0      0.3618E-03
   130.0      0.3428E-03
   131.0      0.3266E-03
   132.0      0.3123E-03
   133.0      0.2992E-03
   134.0      0.2865E-03
   135.0      0.2740E-03
   136.0      0.2614E-03
   137.0      0.2486E-03
   138.0      0.2357E-03
   139.0      0.2226E-03
   140.0      0.2096E-03
   141.0      0.1968E-03
   142.0      0.1844E-03
   143.0      0.1726E-03
   144.0      0.1615E-03
   145.0      0.1511E-03
   146.0      0.1416E-03
   147.0      0.1330E-03
   148.0      0.1254E-03
   149.0      0.1186E-03
   150.0      0.1126E-03
   151.0      0.1075E-03
   152.0      0.1030E-03
   153.0      0.9911E-04
   154.0      0.9576E-04
   155.0      0.9284E-04
   156.0      0.9027E-04
   157.0      0.8797E-04
   158.0      0.8588E-04
   159.0      0.8395E-04
   160.0      0.8213E-04
   161.0      0.8038E-04
   162.0      0.7869E-04
   163.0      0.7702E-04
   164.0      0.7538E-04
   165.0      0.7377E-04
   166.0      0.7219E-04
   167.0      0.7063E-04
   168.0      0.6913E-04
   169.0      0.6768E-04
   170.0      0.6631E-04
   171.0      0.6502E-04
   172.0      0.6383E-04
   173.0      0.6275E-04
   174.0      0.6179E-04
   175.0      0.6096E-04
   176.0      0.6028E-04
   177.0      0.5974E-04
   178.0      0.5935E-04
   179.0      0.5911E-04
   180.0      0.5903E-04
 END
   8.500      0.2021E+05
   9.900      0.1161E+05
   11.30       6771.    
   12.60       3996.    
   14.00       2164.    
   15.40       1133.    
   16.80       613.5    
   18.10       400.9    
   19.50       319.2    
   20.80       296.6    
   22.20       279.1    
   23.60       248.4    
   24.90       206.8    
   26.30       155.5    
   27.00       130.2    
   28.30       88.41    
   29.70       54.40    
   31.00       34.07    
   32.30       23.07    
   33.70       18.56    
   35.10       18.08    
   36.40       18.67    
   37.70       18.72    
   39.10       17.50    
   40.40       15.24    
   41.70       12.32    
   43.10       9.051    
   44.80       5.648    
   46.10       3.770    
   46.50       3.329    
   47.80       2.308    
   49.10       1.802    
   50.40       1.634    
 END
