#1800 angles,  1 tensor ranks for 0=projectile
@subtitle   "7Li-15N, 44.0MeV, JLM single-folding"                                          
@legend ON
@legend x1 0.2
@legend y1 0.8
@g0 type LOGY
@xaxis label "Scattering angle (degrees)"
@yaxis label "Cross section (mb/sr)"
@legend string  0 "Partition=  1 Excit=  1 near/far= 1"
#legend string  0 "Lab energy =   44.0000"
@s0 linestyle   1
#  Theta       sigma       iT11        T20         T21         T22         Kyy for projectile
  0.1000      0.1095E+13
  0.2000      0.6845E+11
  0.3000      0.1350E+11
  0.4000      0.4263E+10
  0.5000      0.1745E+10
  0.6000      0.8419E+09
  0.7000      0.4556E+09
  0.8000      0.2682E+09
  0.9000      0.1683E+09
   1.000      0.1111E+09
   1.100      0.7640E+08
   1.200      0.5428E+08
   1.300      0.3964E+08
   1.400      0.2961E+08
   1.500      0.2255E+08
   1.600      0.1746E+08
   1.700      0.1371E+08
   1.800      0.1090E+08
   1.900      0.8760E+07
   2.000      0.7107E+07
   2.100      0.5815E+07
   2.200      0.4794E+07
   2.300      0.3979E+07
   2.400      0.3323E+07
   2.500      0.2791E+07
   2.600      0.2356E+07
   2.700      0.1999E+07
   2.800      0.1704E+07
   2.900      0.1458E+07
   3.000      0.1253E+07
   3.100      0.1081E+07
   3.200      0.9355E+06
   3.300      0.8128E+06
   3.400      0.7086E+06
   3.500      0.6199E+06
   3.600      0.5441E+06
   3.700      0.4791E+06
   3.800      0.4232E+06
   3.900      0.3751E+06
   4.000      0.3334E+06
   4.100      0.2974E+06
   4.200      0.2660E+06
   4.300      0.2388E+06
   4.400      0.2149E+06
   4.500      0.1941E+06
   4.600      0.1758E+06
   4.700      0.1597E+06
   4.800      0.1455E+06
   4.900      0.1329E+06
   5.000      0.1218E+06
   5.100      0.1119E+06
   5.200      0.1031E+06
   5.300      0.9525E+05
   5.400      0.8820E+05
   5.500      0.8186E+05
   5.600      0.7615E+05
   5.700      0.7099E+05
   5.800      0.6631E+05
   5.900      0.6205E+05
   6.000      0.5817E+05
   6.100      0.5462E+05
   6.200      0.5136E+05
   6.300      0.4837E+05
   6.400      0.4560E+05
   6.500      0.4304E+05
   6.600      0.4067E+05
   6.700      0.3846E+05
   6.800      0.3640E+05
   6.900      0.3448E+05
   7.000      0.3267E+05
   7.100      0.3098E+05
   7.200      0.2938E+05
   7.300      0.2788E+05
   7.400      0.2646E+05
   7.500      0.2512E+05
   7.600      0.2385E+05
   7.700      0.2264E+05
   7.800      0.2149E+05
   7.900      0.2040E+05
   8.000      0.1937E+05
   8.100      0.1838E+05
   8.200      0.1744E+05
   8.300      0.1654E+05
   8.400      0.1569E+05
   8.500      0.1487E+05
   8.600      0.1409E+05
   8.700      0.1335E+05
   8.800      0.1264E+05
   8.900      0.1196E+05
   9.000      0.1131E+05
   9.100      0.1070E+05
   9.200      0.1011E+05
   9.300       9547.    
   9.400       9012.    
   9.500       8501.    
   9.600       8015.    
   9.700       7553.    
   9.800       7112.    
   9.900       6694.    
   10.00       6296.    
   10.10       5918.    
   10.20       5560.    
   10.30       5220.    
   10.40       4899.    
   10.50       4594.    
   10.60       4306.    
   10.70       4034.    
   10.80       3778.    
   10.90       3536.    
   11.00       3309.    
   11.10       3095.    
   11.20       2894.    
   11.30       2705.    
   11.40       2529.    
   11.50       2364.    
   11.60       2209.    
   11.70       2066.    
   11.80       1932.    
   11.90       1808.    
   12.00       1692.    
   12.10       1585.    
   12.20       1487.    
   12.30       1396.    
   12.40       1312.    
   12.50       1235.    
   12.60       1164.    
   12.70       1100.    
   12.80       1041.    
   12.90       987.8    
   13.00       939.5    
   13.10       895.9    
   13.20       856.6    
   13.30       821.4    
   13.40       790.0    
   13.50       762.1    
   13.60       737.4    
   13.70       715.6    
   13.80       696.6    
   13.90       680.0    
   14.00       665.7    
   14.10       653.4    
   14.20       642.9    
   14.30       634.1    
   14.40       626.7    
   14.50       620.6    
   14.60       615.7    
   14.70       611.7    
   14.80       608.5    
   14.90       606.0    
   15.00       604.1    
   15.10       602.6    
   15.20       601.5    
   15.30       600.6    
   15.40       599.8    
   15.50       599.2    
   15.60       598.5    
   15.70       597.7    
   15.80       596.8    
   15.90       595.7    
   16.00       594.4    
   16.10       592.7    
   16.20       590.8    
   16.30       588.4    
   16.40       585.7    
   16.50       582.6    
   16.60       579.0    
   16.70       575.0    
   16.80       570.5    
   16.90       565.6    
   17.00       560.2    
   17.10       554.4    
   17.20       548.1    
   17.30       541.4    
   17.40       534.2    
   17.50       526.6    
   17.60       518.6    
   17.70       510.2    
   17.80       501.4    
   17.90       492.3    
   18.00       482.8    
   18.10       473.0    
   18.20       462.9    
   18.30       452.5    
   18.40       441.9    
   18.50       431.1    
   18.60       420.1    
   18.70       408.9    
   18.80       397.6    
   18.90       386.1    
   19.00       374.6    
   19.10       363.0    
   19.20       351.4    
   19.30       339.7    
   19.40       328.1    
   19.50       316.4    
   19.60       304.9    
   19.70       293.4    
   19.80       282.0    
   19.90       270.7    
   20.00       259.6    
   20.10       248.6    
   20.20       237.8    
   20.30       227.2    
   20.40       216.7    
   20.50       206.5    
   20.60       196.6    
   20.70       186.9    
   20.80       177.4    
   20.90       168.2    
   21.00       159.3    
   21.10       150.6    
   21.20       142.3    
   21.30       134.2    
   21.40       126.4    
   21.50       119.0    
   21.60       111.8    
   21.70       105.0    
   21.80       98.47    
   21.90       92.26    
   22.00       86.35    
   22.10       80.75    
   22.20       75.46    
   22.30       70.48    
   22.40       65.79    
   22.50       61.40    
   22.60       57.30    
   22.70       53.49    
   22.80       49.95    
   22.90       46.69    
   23.00       43.69    
   23.10       40.95    
   23.20       38.46    
   23.30       36.21    
   23.40       34.20    
   23.50       32.41    
   23.60       30.83    
   23.70       29.46    
   23.80       28.28    
   23.90       27.30    
   24.00       26.49    
   24.10       25.84    
   24.20       25.36    
   24.30       25.02    
   24.40       24.82    
   24.50       24.74    
   24.60       24.79    
   24.70       24.94    
   24.80       25.20    
   24.90       25.54    
   25.00       25.97    
   25.10       26.47    
   25.20       27.03    
   25.30       27.65    
   25.40       28.32    
   25.50       29.02    
   25.60       29.76    
   25.70       30.52    
   25.80       31.30    
   25.90       32.10    
   26.00       32.89    
   26.10       33.69    
   26.20       34.48    
   26.30       35.26    
   26.40       36.02    
   26.50       36.76    
   26.60       37.47    
   26.70       38.15    
   26.80       38.80    
   26.90       39.40    
   27.00       39.97    
   27.10       40.50    
   27.20       40.98    
   27.30       41.41    
   27.40       41.79    
   27.50       42.12    
   27.60       42.40    
   27.70       42.63    
   27.80       42.80    
   27.90       42.91    
   28.00       42.97    
   28.10       42.98    
   28.20       42.93    
   28.30       42.83    
   28.40       42.67    
   28.50       42.46    
   28.60       42.20    
   28.70       41.89    
   28.80       41.52    
   28.90       41.12    
   29.00       40.66    
   29.10       40.16    
   29.20       39.62    
   29.30       39.04    
   29.40       38.42    
   29.50       37.76    
   29.60       37.07    
   29.70       36.35    
   29.80       35.59    
   29.90       34.81    
   30.00       34.01    
   30.10       33.18    
   30.20       32.34    
   30.30       31.47    
   30.40       30.59    
   30.50       29.70    
   30.60       28.79    
   30.70       27.88    
   30.80       26.96    
   30.90       26.04    
   31.00       25.11    
   31.10       24.19    
   31.20       23.27    
   31.30       22.35    
   31.40       21.44    
   31.50       20.54    
   31.60       19.64    
   31.70       18.76    
   31.80       17.89    
   31.90       17.04    
   32.00       16.20    
   32.10       15.38    
   32.20       14.58    
   32.30       13.79    
   32.40       13.03    
   32.50       12.29    
   32.60       11.57    
   32.70       10.88    
   32.80       10.21    
   32.90       9.566    
   33.00       8.946    
   33.10       8.352    
   33.20       7.784    
   33.30       7.243    
   33.40       6.727    
   33.50       6.239    
   33.60       5.777    
   33.70       5.341    
   33.80       4.932    
   33.90       4.550    
   34.00       4.193    
   34.10       3.862    
   34.20       3.556    
   34.30       3.275    
   34.40       3.019    
   34.50       2.787    
   34.60       2.577    
   34.70       2.391    
   34.80       2.226    
   34.90       2.083    
   35.00       1.961    
   35.10       1.858    
   35.20       1.774    
   35.30       1.709    
   35.40       1.661    
   35.50       1.629    
   35.60       1.613    
   35.70       1.613    
   35.80       1.626    
   35.90       1.652    
   36.00       1.690    
   36.10       1.740    
   36.20       1.800    
   36.30       1.870    
   36.40       1.948    
   36.50       2.035    
   36.60       2.128    
   36.70       2.228    
   36.80       2.332    
   36.90       2.442    
   37.00       2.555    
   37.10       2.672    
   37.20       2.790    
   37.30       2.911    
   37.40       3.032    
   37.50       3.154    
   37.60       3.275    
   37.70       3.395    
   37.80       3.514    
   37.90       3.631    
   38.00       3.745    
   38.10       3.856    
   38.20       3.964    
   38.30       4.068    
   38.40       4.167    
   38.50       4.262    
   38.60       4.352    
   38.70       4.437    
   38.80       4.516    
   38.90       4.589    
   39.00       4.657    
   39.10       4.718    
   39.20       4.773    
   39.30       4.821    
   39.40       4.863    
   39.50       4.899    
   39.60       4.927    
   39.70       4.949    
   39.80       4.965    
   39.90       4.974    
   40.00       4.976    
   40.10       4.972    
   40.20       4.961    
   40.30       4.944    
   40.40       4.921    
   40.50       4.891    
   40.60       4.856    
   40.70       4.815    
   40.80       4.769    
   40.90       4.717    
   41.00       4.660    
   41.10       4.598    
   41.20       4.532    
   41.30       4.461    
   41.40       4.386    
   41.50       4.307    
   41.60       4.224    
   41.70       4.138    
   41.80       4.049    
   41.90       3.957    
   42.00       3.862    
   42.10       3.765    
   42.20       3.665    
   42.30       3.564    
   42.40       3.461    
   42.50       3.357    
   42.60       3.252    
   42.70       3.146    
   42.80       3.040    
   42.90       2.933    
   43.00       2.826    
   43.10       2.720    
   43.20       2.613    
   43.30       2.507    
   43.40       2.403    
   43.50       2.299    
   43.60       2.196    
   43.70       2.095    
   43.80       1.995    
   43.90       1.897    
   44.00       1.800    
   44.10       1.706    
   44.20       1.614    
   44.30       1.525    
   44.40       1.437    
   44.50       1.352    
   44.60       1.270    
   44.70       1.191    
   44.80       1.114    
   44.90       1.040    
   45.00      0.9691    
   45.10      0.9010    
   45.20      0.8360    
   45.30      0.7740    
   45.40      0.7151    
   45.50      0.6592    
   45.60      0.6065    
   45.70      0.5567    
   45.80      0.5101    
   45.90      0.4665    
   46.00      0.4259    
   46.10      0.3883    
   46.20      0.3537    
   46.30      0.3219    
   46.40      0.2930    
   46.50      0.2670    
   46.60      0.2436    
   46.70      0.2230    
   46.80      0.2049    
   46.90      0.1894    
   47.00      0.1763    
   47.10      0.1656    
   47.20      0.1572    
   47.30      0.1510    
   47.40      0.1469    
   47.50      0.1447    
   47.60      0.1445    
   47.70      0.1461    
   47.80      0.1495    
   47.90      0.1544    
   48.00      0.1609    
   48.10      0.1687    
   48.20      0.1779    
   48.30      0.1883    
   48.40      0.1999    
   48.50      0.2124    
   48.60      0.2259    
   48.70      0.2401    
   48.80      0.2551    
   48.90      0.2708    
   49.00      0.2870    
   49.10      0.3036    
   49.20      0.3206    
   49.30      0.3378    
   49.40      0.3553    
   49.50      0.3729    
   49.60      0.3905    
   49.70      0.4081    
   49.80      0.4255    
   49.90      0.4428    
   50.00      0.4598    
   50.10      0.4765    
   50.20      0.4929    
   50.30      0.5088    
   50.40      0.5243    
   50.50      0.5392    
   50.60      0.5536    
   50.70      0.5673    
   50.80      0.5804    
   50.90      0.5928    
   51.00      0.6045    
   51.10      0.6155    
   51.20      0.6256    
   51.30      0.6350    
   51.40      0.6436    
   51.50      0.6513    
   51.60      0.6582    
   51.70      0.6642    
   51.80      0.6694    
   51.90      0.6737    
   52.00      0.6771    
   52.10      0.6797    
   52.20      0.6814    
   52.30      0.6823    
   52.40      0.6823    
   52.50      0.6815    
   52.60      0.6799    
   52.70      0.6775    
   52.80      0.6742    
   52.90      0.6703    
   53.00      0.6655    
   53.10      0.6600    
   53.20      0.6539    
   53.30      0.6470    
   53.40      0.6395    
   53.50      0.6314    
   53.60      0.6227    
   53.70      0.6134    
   53.80      0.6036    
   53.90      0.5933    
   54.00      0.5825    
   54.10      0.5713    
   54.20      0.5596    
   54.30      0.5476    
   54.40      0.5353    
   54.50      0.5226    
   54.60      0.5096    
   54.70      0.4964    
   54.80      0.4830    
   54.90      0.4694    
   55.00      0.4556    
   55.10      0.4418    
   55.20      0.4278    
   55.30      0.4138    
   55.40      0.3997    
   55.50      0.3857    
   55.60      0.3716    
   55.70      0.3577    
   55.80      0.3438    
   55.90      0.3300    
   56.00      0.3163    
   56.10      0.3028    
   56.20      0.2894    
   56.30      0.2763    
   56.40      0.2634    
   56.50      0.2507    
   56.60      0.2382    
   56.70      0.2261    
   56.80      0.2142    
   56.90      0.2026    
   57.00      0.1913    
   57.10      0.1804    
   57.20      0.1698    
   57.30      0.1596    
   57.40      0.1497    
   57.50      0.1401    
   57.60      0.1310    
   57.70      0.1222    
   57.80      0.1138    
   57.90      0.1058    
   58.00      0.9819E-01
   58.10      0.9097E-01
   58.20      0.8413E-01
   58.30      0.7769E-01
   58.40      0.7164E-01
   58.50      0.6598E-01
   58.60      0.6070E-01
   58.70      0.5581E-01
   58.80      0.5129E-01
   58.90      0.4715E-01
   59.00      0.4337E-01
   59.10      0.3995E-01
   59.20      0.3688E-01
   59.30      0.3416E-01
   59.40      0.3177E-01
   59.50      0.2971E-01
   59.60      0.2797E-01
   59.70      0.2654E-01
   59.80      0.2540E-01
   59.90      0.2455E-01
   60.00      0.2397E-01
   60.10      0.2366E-01
   60.20      0.2361E-01
   60.30      0.2379E-01
   60.40      0.2420E-01
   60.50      0.2484E-01
   60.60      0.2567E-01
   60.70      0.2670E-01
   60.80      0.2791E-01
   60.90      0.2929E-01
   61.00      0.3082E-01
   61.10      0.3249E-01
   61.20      0.3430E-01
   61.30      0.3623E-01
   61.40      0.3826E-01
   61.50      0.4039E-01
   61.60      0.4260E-01
   61.70      0.4489E-01
   61.80      0.4723E-01
   61.90      0.4963E-01
   62.00      0.5206E-01
   62.10      0.5453E-01
   62.20      0.5701E-01
   62.30      0.5950E-01
   62.40      0.6199E-01
   62.50      0.6447E-01
   62.60      0.6693E-01
   62.70      0.6937E-01
   62.80      0.7177E-01
   62.90      0.7412E-01
   63.00      0.7643E-01
   63.10      0.7868E-01
   63.20      0.8086E-01
   63.30      0.8298E-01
   63.40      0.8502E-01
   63.50      0.8698E-01
   63.60      0.8885E-01
   63.70      0.9063E-01
   63.80      0.9232E-01
   63.90      0.9391E-01
   64.00      0.9539E-01
   64.10      0.9678E-01
   64.20      0.9805E-01
   64.30      0.9922E-01
   64.40      0.1003    
   64.50      0.1012    
   64.60      0.1020    
   64.70      0.1028    
   64.80      0.1033    
   64.90      0.1038    
   65.00      0.1042    
   65.10      0.1044    
   65.20      0.1046    
   65.30      0.1046    
   65.40      0.1045    
   65.50      0.1043    
   65.60      0.1040    
   65.70      0.1036    
   65.80      0.1031    
   65.90      0.1025    
   66.00      0.1018    
   66.10      0.1010    
   66.20      0.1001    
   66.30      0.9907E-01
   66.40      0.9800E-01
   66.50      0.9684E-01
   66.60      0.9560E-01
   66.70      0.9429E-01
   66.80      0.9290E-01
   66.90      0.9145E-01
   67.00      0.8994E-01
   67.10      0.8836E-01
   67.20      0.8673E-01
   67.30      0.8505E-01
   67.40      0.8332E-01
   67.50      0.8155E-01
   67.60      0.7974E-01
   67.70      0.7790E-01
   67.80      0.7602E-01
   67.90      0.7412E-01
   68.00      0.7219E-01
   68.10      0.7024E-01
   68.20      0.6828E-01
   68.30      0.6631E-01
   68.40      0.6433E-01
   68.50      0.6235E-01
   68.60      0.6037E-01
   68.70      0.5839E-01
   68.80      0.5642E-01
   68.90      0.5446E-01
   69.00      0.5251E-01
   69.10      0.5057E-01
   69.20      0.4866E-01
   69.30      0.4677E-01
   69.40      0.4490E-01
   69.50      0.4307E-01
   69.60      0.4126E-01
   69.70      0.3948E-01
   69.80      0.3774E-01
   69.90      0.3604E-01
   70.00      0.3437E-01
   70.10      0.3275E-01
   70.20      0.3116E-01
   70.30      0.2962E-01
   70.40      0.2813E-01
   70.50      0.2668E-01
   70.60      0.2528E-01
   70.70      0.2393E-01
   70.80      0.2263E-01
   70.90      0.2138E-01
   71.00      0.2017E-01
   71.10      0.1902E-01
   71.20      0.1793E-01
   71.30      0.1688E-01
   71.40      0.1588E-01
   71.50      0.1494E-01
   71.60      0.1405E-01
   71.70      0.1321E-01
   71.80      0.1242E-01
   71.90      0.1169E-01
   72.00      0.1100E-01
   72.10      0.1037E-01
   72.20      0.9779E-02
   72.30      0.9241E-02
   72.40      0.8750E-02
   72.50      0.8306E-02
   72.60      0.7908E-02
   72.70      0.7554E-02
   72.80      0.7244E-02
   72.90      0.6977E-02
   73.00      0.6750E-02
   73.10      0.6564E-02
   73.20      0.6416E-02
   73.30      0.6305E-02
   73.40      0.6230E-02
   73.50      0.6189E-02
   73.60      0.6181E-02
   73.70      0.6205E-02
   73.80      0.6258E-02
   73.90      0.6340E-02
   74.00      0.6448E-02
   74.10      0.6582E-02
   74.20      0.6740E-02
   74.30      0.6919E-02
   74.40      0.7119E-02
   74.50      0.7339E-02
   74.60      0.7576E-02
   74.70      0.7828E-02
   74.80      0.8095E-02
   74.90      0.8376E-02
   75.00      0.8667E-02
   75.10      0.8969E-02
   75.20      0.9280E-02
   75.30      0.9597E-02
   75.40      0.9921E-02
   75.50      0.1025E-01
   75.60      0.1058E-01
   75.70      0.1091E-01
   75.80      0.1125E-01
   75.90      0.1158E-01
   76.00      0.1191E-01
   76.10      0.1224E-01
   76.20      0.1257E-01
   76.30      0.1289E-01
   76.40      0.1321E-01
   76.50      0.1351E-01
   76.60      0.1382E-01
   76.70      0.1411E-01
   76.80      0.1439E-01
   76.90      0.1467E-01
   77.00      0.1493E-01
   77.10      0.1518E-01
   77.20      0.1542E-01
   77.30      0.1565E-01
   77.40      0.1587E-01
   77.50      0.1607E-01
   77.60      0.1626E-01
   77.70      0.1643E-01
   77.80      0.1659E-01
   77.90      0.1674E-01
   78.00      0.1687E-01
   78.10      0.1698E-01
   78.20      0.1708E-01
   78.30      0.1717E-01
   78.40      0.1724E-01
   78.50      0.1729E-01
   78.60      0.1733E-01
   78.70      0.1736E-01
   78.80      0.1737E-01
   78.90      0.1736E-01
   79.00      0.1734E-01
   79.10      0.1731E-01
   79.20      0.1726E-01
   79.30      0.1719E-01
   79.40      0.1712E-01
   79.50      0.1702E-01
   79.60      0.1692E-01
   79.70      0.1680E-01
   79.80      0.1667E-01
   79.90      0.1653E-01
   80.00      0.1638E-01
   80.10      0.1621E-01
   80.20      0.1603E-01
   80.30      0.1585E-01
   80.40      0.1565E-01
   80.50      0.1544E-01
   80.60      0.1523E-01
   80.70      0.1500E-01
   80.80      0.1477E-01
   80.90      0.1453E-01
   81.00      0.1429E-01
   81.10      0.1403E-01
   81.20      0.1377E-01
   81.30      0.1351E-01
   81.40      0.1324E-01
   81.50      0.1297E-01
   81.60      0.1269E-01
   81.70      0.1241E-01
   81.80      0.1212E-01
   81.90      0.1184E-01
   82.00      0.1155E-01
   82.10      0.1126E-01
   82.20      0.1097E-01
   82.30      0.1068E-01
   82.40      0.1038E-01
   82.50      0.1009E-01
   82.60      0.9803E-02
   82.70      0.9514E-02
   82.80      0.9227E-02
   82.90      0.8941E-02
   83.00      0.8658E-02
   83.10      0.8378E-02
   83.20      0.8101E-02
   83.30      0.7828E-02
   83.40      0.7558E-02
   83.50      0.7293E-02
   83.60      0.7032E-02
   83.70      0.6775E-02
   83.80      0.6524E-02
   83.90      0.6277E-02
   84.00      0.6037E-02
   84.10      0.5801E-02
   84.20      0.5572E-02
   84.30      0.5349E-02
   84.40      0.5132E-02
   84.50      0.4921E-02
   84.60      0.4717E-02
   84.70      0.4519E-02
   84.80      0.4328E-02
   84.90      0.4144E-02
   85.00      0.3966E-02
   85.10      0.3796E-02
   85.20      0.3632E-02
   85.30      0.3476E-02
   85.40      0.3326E-02
   85.50      0.3183E-02
   85.60      0.3048E-02
   85.70      0.2919E-02
   85.80      0.2797E-02
   85.90      0.2683E-02
   86.00      0.2575E-02
   86.10      0.2473E-02
   86.20      0.2379E-02
   86.30      0.2291E-02
   86.40      0.2209E-02
   86.50      0.2134E-02
   86.60      0.2065E-02
   86.70      0.2002E-02
   86.80      0.1945E-02
   86.90      0.1894E-02
   87.00      0.1849E-02
   87.10      0.1809E-02
   87.20      0.1774E-02
   87.30      0.1745E-02
   87.40      0.1721E-02
   87.50      0.1701E-02
   87.60      0.1687E-02
   87.70      0.1676E-02
   87.80      0.1671E-02
   87.90      0.1669E-02
   88.00      0.1671E-02
   88.10      0.1677E-02
   88.20      0.1686E-02
   88.30      0.1699E-02
   88.40      0.1715E-02
   88.50      0.1734E-02
   88.60      0.1756E-02
   88.70      0.1780E-02
   88.80      0.1806E-02
   88.90      0.1835E-02
   89.00      0.1866E-02
   89.10      0.1899E-02
   89.20      0.1933E-02
   89.30      0.1969E-02
   89.40      0.2006E-02
   89.50      0.2044E-02
   89.60      0.2083E-02
   89.70      0.2122E-02
   89.80      0.2163E-02
   89.90      0.2203E-02
   90.00      0.2244E-02
   90.10      0.2285E-02
   90.20      0.2327E-02
   90.30      0.2368E-02
   90.40      0.2408E-02
   90.50      0.2448E-02
   90.60      0.2488E-02
   90.70      0.2527E-02
   90.80      0.2565E-02
   90.90      0.2602E-02
   91.00      0.2639E-02
   91.10      0.2674E-02
   91.20      0.2708E-02
   91.30      0.2740E-02
   91.40      0.2771E-02
   91.50      0.2801E-02
   91.60      0.2829E-02
   91.70      0.2856E-02
   91.80      0.2881E-02
   91.90      0.2904E-02
   92.00      0.2926E-02
   92.10      0.2945E-02
   92.20      0.2963E-02
   92.30      0.2979E-02
   92.40      0.2993E-02
   92.50      0.3005E-02
   92.60      0.3016E-02
   92.70      0.3024E-02
   92.80      0.3030E-02
   92.90      0.3035E-02
   93.00      0.3037E-02
   93.10      0.3037E-02
   93.20      0.3036E-02
   93.30      0.3032E-02
   93.40      0.3027E-02
   93.50      0.3019E-02
   93.60      0.3010E-02
   93.70      0.2999E-02
   93.80      0.2986E-02
   93.90      0.2971E-02
   94.00      0.2955E-02
   94.10      0.2936E-02
   94.20      0.2916E-02
   94.30      0.2895E-02
   94.40      0.2872E-02
   94.50      0.2847E-02
   94.60      0.2821E-02
   94.70      0.2793E-02
   94.80      0.2764E-02
   94.90      0.2734E-02
   95.00      0.2702E-02
   95.10      0.2670E-02
   95.20      0.2636E-02
   95.30      0.2601E-02
   95.40      0.2565E-02
   95.50      0.2528E-02
   95.60      0.2490E-02
   95.70      0.2451E-02
   95.80      0.2412E-02
   95.90      0.2371E-02
   96.00      0.2331E-02
   96.10      0.2289E-02
   96.20      0.2247E-02
   96.30      0.2205E-02
   96.40      0.2162E-02
   96.50      0.2119E-02
   96.60      0.2075E-02
   96.70      0.2032E-02
   96.80      0.1988E-02
   96.90      0.1944E-02
   97.00      0.1900E-02
   97.10      0.1856E-02
   97.20      0.1813E-02
   97.30      0.1769E-02
   97.40      0.1725E-02
   97.50      0.1682E-02
   97.60      0.1639E-02
   97.70      0.1596E-02
   97.80      0.1554E-02
   97.90      0.1512E-02
   98.00      0.1471E-02
   98.10      0.1430E-02
   98.20      0.1389E-02
   98.30      0.1350E-02
   98.40      0.1310E-02
   98.50      0.1272E-02
   98.60      0.1234E-02
   98.70      0.1197E-02
   98.80      0.1160E-02
   98.90      0.1124E-02
   99.00      0.1089E-02
   99.10      0.1055E-02
   99.20      0.1022E-02
   99.30      0.9896E-03
   99.40      0.9580E-03
   99.50      0.9273E-03
   99.60      0.8975E-03
   99.70      0.8685E-03
   99.80      0.8405E-03
   99.90      0.8135E-03
   100.0      0.7873E-03
   100.1      0.7621E-03
   100.2      0.7378E-03
   100.3      0.7145E-03
   100.4      0.6921E-03
   100.5      0.6706E-03
   100.6      0.6501E-03
   100.7      0.6305E-03
   100.8      0.6118E-03
   100.9      0.5941E-03
   101.0      0.5772E-03
   101.1      0.5613E-03
   101.2      0.5463E-03
   101.3      0.5321E-03
   101.4      0.5188E-03
   101.5      0.5063E-03
   101.6      0.4947E-03
   101.7      0.4840E-03
   101.8      0.4740E-03
   101.9      0.4648E-03
   102.0      0.4564E-03
   102.1      0.4487E-03
   102.2      0.4418E-03
   102.3      0.4356E-03
   102.4      0.4301E-03
   102.5      0.4252E-03
   102.6      0.4210E-03
   102.7      0.4174E-03
   102.8      0.4145E-03
   102.9      0.4121E-03
   103.0      0.4102E-03
   103.1      0.4089E-03
   103.2      0.4081E-03
   103.3      0.4079E-03
   103.4      0.4080E-03
   103.5      0.4086E-03
   103.6      0.4096E-03
   103.7      0.4111E-03
   103.8      0.4128E-03
   103.9      0.4150E-03
   104.0      0.4174E-03
   104.1      0.4202E-03
   104.2      0.4232E-03
   104.3      0.4265E-03
   104.4      0.4300E-03
   104.5      0.4337E-03
   104.6      0.4376E-03
   104.7      0.4416E-03
   104.8      0.4458E-03
   104.9      0.4502E-03
   105.0      0.4546E-03
   105.1      0.4591E-03
   105.2      0.4637E-03
   105.3      0.4683E-03
   105.4      0.4729E-03
   105.5      0.4776E-03
   105.6      0.4822E-03
   105.7      0.4868E-03
   105.8      0.4914E-03
   105.9      0.4959E-03
   106.0      0.5003E-03
   106.1      0.5047E-03
   106.2      0.5089E-03
   106.3      0.5131E-03
   106.4      0.5171E-03
   106.5      0.5209E-03
   106.6      0.5246E-03
   106.7      0.5282E-03
   106.8      0.5316E-03
   106.9      0.5348E-03
   107.0      0.5378E-03
   107.1      0.5406E-03
   107.2      0.5432E-03
   107.3      0.5456E-03
   107.4      0.5478E-03
   107.5      0.5497E-03
   107.6      0.5515E-03
   107.7      0.5529E-03
   107.8      0.5542E-03
   107.9      0.5552E-03
   108.0      0.5560E-03
   108.1      0.5565E-03
   108.2      0.5568E-03
   108.3      0.5568E-03
   108.4      0.5566E-03
   108.5      0.5561E-03
   108.6      0.5554E-03
   108.7      0.5545E-03
   108.8      0.5532E-03
   108.9      0.5518E-03
   109.0      0.5501E-03
   109.1      0.5481E-03
   109.2      0.5460E-03
   109.3      0.5436E-03
   109.4      0.5409E-03
   109.5      0.5380E-03
   109.6      0.5350E-03
   109.7      0.5316E-03
   109.8      0.5281E-03
   109.9      0.5244E-03
   110.0      0.5205E-03
   110.1      0.5163E-03
   110.2      0.5120E-03
   110.3      0.5075E-03
   110.4      0.5028E-03
   110.5      0.4980E-03
   110.6      0.4930E-03
   110.7      0.4878E-03
   110.8      0.4825E-03
   110.9      0.4770E-03
   111.0      0.4714E-03
   111.1      0.4656E-03
   111.2      0.4598E-03
   111.3      0.4538E-03
   111.4      0.4477E-03
   111.5      0.4415E-03
   111.6      0.4353E-03
   111.7      0.4289E-03
   111.8      0.4225E-03
   111.9      0.4160E-03
   112.0      0.4094E-03
   112.1      0.4028E-03
   112.2      0.3961E-03
   112.3      0.3894E-03
   112.4      0.3827E-03
   112.5      0.3759E-03
   112.6      0.3691E-03
   112.7      0.3623E-03
   112.8      0.3555E-03
   112.9      0.3487E-03
   113.0      0.3420E-03
   113.1      0.3352E-03
   113.2      0.3284E-03
   113.3      0.3217E-03
   113.4      0.3150E-03
   113.5      0.3084E-03
   113.6      0.3018E-03
   113.7      0.2952E-03
   113.8      0.2887E-03
   113.9      0.2823E-03
   114.0      0.2759E-03
   114.1      0.2696E-03
   114.2      0.2634E-03
   114.3      0.2572E-03
   114.4      0.2512E-03
   114.5      0.2452E-03
   114.6      0.2393E-03
   114.7      0.2336E-03
   114.8      0.2279E-03
   114.9      0.2223E-03
   115.0      0.2168E-03
   115.1      0.2114E-03
   115.2      0.2062E-03
   115.3      0.2010E-03
   115.4      0.1960E-03
   115.5      0.1911E-03
   115.6      0.1863E-03
   115.7      0.1817E-03
   115.8      0.1771E-03
   115.9      0.1727E-03
   116.0      0.1684E-03
   116.1      0.1642E-03
   116.2      0.1602E-03
   116.3      0.1562E-03
   116.4      0.1525E-03
   116.5      0.1488E-03
   116.6      0.1452E-03
   116.7      0.1418E-03
   116.8      0.1386E-03
   116.9      0.1354E-03
   117.0      0.1324E-03
   117.1      0.1295E-03
   117.2      0.1267E-03
   117.3      0.1240E-03
   117.4      0.1215E-03
   117.5      0.1191E-03
   117.6      0.1168E-03
   117.7      0.1146E-03
   117.8      0.1125E-03
   117.9      0.1106E-03
   118.0      0.1087E-03
   118.1      0.1070E-03
   118.2      0.1054E-03
   118.3      0.1039E-03
   118.4      0.1025E-03
   118.5      0.1011E-03
   118.6      0.9994E-04
   118.7      0.9882E-04
   118.8      0.9781E-04
   118.9      0.9688E-04
   119.0      0.9604E-04
   119.1      0.9529E-04
   119.2      0.9462E-04
   119.3      0.9403E-04
   119.4      0.9352E-04
   119.5      0.9309E-04
   119.6      0.9272E-04
   119.7      0.9243E-04
   119.8      0.9220E-04
   119.9      0.9204E-04
   120.0      0.9194E-04
   120.1      0.9189E-04
   120.2      0.9191E-04
   120.3      0.9197E-04
   120.4      0.9208E-04
   120.5      0.9224E-04
   120.6      0.9244E-04
   120.7      0.9269E-04
   120.8      0.9297E-04
   120.9      0.9328E-04
   121.0      0.9363E-04
   121.1      0.9401E-04
   121.2      0.9442E-04
   121.3      0.9485E-04
   121.4      0.9530E-04
   121.5      0.9577E-04
   121.6      0.9626E-04
   121.7      0.9676E-04
   121.8      0.9727E-04
   121.9      0.9780E-04
   122.0      0.9833E-04
   122.1      0.9886E-04
   122.2      0.9940E-04
   122.3      0.9994E-04
   122.4      0.1005E-03
   122.5      0.1010E-03
   122.6      0.1015E-03
   122.7      0.1021E-03
   122.8      0.1026E-03
   122.9      0.1031E-03
   123.0      0.1036E-03
   123.1      0.1040E-03
   123.2      0.1045E-03
   123.3      0.1049E-03
   123.4      0.1053E-03
   123.5      0.1057E-03
   123.6      0.1061E-03
   123.7      0.1065E-03
   123.8      0.1068E-03
   123.9      0.1071E-03
   124.0      0.1074E-03
   124.1      0.1077E-03
   124.2      0.1079E-03
   124.3      0.1081E-03
   124.4      0.1083E-03
   124.5      0.1084E-03
   124.6      0.1085E-03
   124.7      0.1086E-03
   124.8      0.1086E-03
   124.9      0.1087E-03
   125.0      0.1086E-03
   125.1      0.1086E-03
   125.2      0.1085E-03
   125.3      0.1084E-03
   125.4      0.1082E-03
   125.5      0.1081E-03
   125.6      0.1079E-03
   125.7      0.1076E-03
   125.8      0.1073E-03
   125.9      0.1070E-03
   126.0      0.1067E-03
   126.1      0.1063E-03
   126.2      0.1059E-03
   126.3      0.1054E-03
   126.4      0.1050E-03
   126.5      0.1044E-03
   126.6      0.1039E-03
   126.7      0.1033E-03
   126.8      0.1027E-03
   126.9      0.1021E-03
   127.0      0.1015E-03
   127.1      0.1008E-03
   127.2      0.1001E-03
   127.3      0.9934E-04
   127.4      0.9858E-04
   127.5      0.9779E-04
   127.6      0.9698E-04
   127.7      0.9615E-04
   127.8      0.9529E-04
   127.9      0.9441E-04
   128.0      0.9351E-04
   128.1      0.9259E-04
   128.2      0.9165E-04
   128.3      0.9070E-04
   128.4      0.8972E-04
   128.5      0.8873E-04
   128.6      0.8772E-04
   128.7      0.8670E-04
   128.8      0.8567E-04
   128.9      0.8462E-04
   129.0      0.8356E-04
   129.1      0.8249E-04
   129.2      0.8141E-04
   129.3      0.8031E-04
   129.4      0.7922E-04
   129.5      0.7811E-04
   129.6      0.7700E-04
   129.7      0.7588E-04
   129.8      0.7476E-04
   129.9      0.7363E-04
   130.0      0.7251E-04
   130.1      0.7138E-04
   130.2      0.7024E-04
   130.3      0.6911E-04
   130.4      0.6798E-04
   130.5      0.6685E-04
   130.6      0.6573E-04
   130.7      0.6460E-04
   130.8      0.6349E-04
   130.9      0.6237E-04
   131.0      0.6126E-04
   131.1      0.6016E-04
   131.2      0.5907E-04
   131.3      0.5798E-04
   131.4      0.5690E-04
   131.5      0.5583E-04
   131.6      0.5477E-04
   131.7      0.5372E-04
   131.8      0.5268E-04
   131.9      0.5165E-04
   132.0      0.5063E-04
   132.1      0.4963E-04
   132.2      0.4864E-04
   132.3      0.4767E-04
   132.4      0.4670E-04
   132.5      0.4576E-04
   132.6      0.4482E-04
   132.7      0.4390E-04
   132.8      0.4300E-04
   132.9      0.4212E-04
   133.0      0.4125E-04
   133.1      0.4040E-04
   133.2      0.3956E-04
   133.3      0.3874E-04
   133.4      0.3794E-04
   133.5      0.3716E-04
   133.6      0.3639E-04
   133.7      0.3565E-04
   133.8      0.3492E-04
   133.9      0.3421E-04
   134.0      0.3351E-04
   134.1      0.3284E-04
   134.2      0.3219E-04
   134.3      0.3155E-04
   134.4      0.3093E-04
   134.5      0.3034E-04
   134.6      0.2976E-04
   134.7      0.2920E-04
   134.8      0.2866E-04
   134.9      0.2813E-04
   135.0      0.2763E-04
   135.1      0.2714E-04
   135.2      0.2668E-04
   135.3      0.2623E-04
   135.4      0.2580E-04
   135.5      0.2538E-04
   135.6      0.2499E-04
   135.7      0.2461E-04
   135.8      0.2425E-04
   135.9      0.2391E-04
   136.0      0.2358E-04
   136.1      0.2328E-04
   136.2      0.2298E-04
   136.3      0.2271E-04
   136.4      0.2245E-04
   136.5      0.2221E-04
   136.6      0.2198E-04
   136.7      0.2176E-04
   136.8      0.2157E-04
   136.9      0.2138E-04
   137.0      0.2121E-04
   137.1      0.2106E-04
   137.2      0.2092E-04
   137.3      0.2079E-04
   137.4      0.2067E-04
   137.5      0.2057E-04
   137.6      0.2048E-04
   137.7      0.2040E-04
   137.8      0.2033E-04
   137.9      0.2028E-04
   138.0      0.2023E-04
   138.1      0.2020E-04
   138.2      0.2017E-04
   138.3      0.2016E-04
   138.4      0.2015E-04
   138.5      0.2015E-04
   138.6      0.2017E-04
   138.7      0.2019E-04
   138.8      0.2021E-04
   138.9      0.2025E-04
   139.0      0.2029E-04
   139.1      0.2034E-04
   139.2      0.2039E-04
   139.3      0.2045E-04
   139.4      0.2052E-04
   139.5      0.2059E-04
   139.6      0.2067E-04
   139.7      0.2075E-04
   139.8      0.2083E-04
   139.9      0.2092E-04
   140.0      0.2101E-04
   140.1      0.2111E-04
   140.2      0.2121E-04
   140.3      0.2131E-04
   140.4      0.2141E-04
   140.5      0.2151E-04
   140.6      0.2162E-04
   140.7      0.2172E-04
   140.8      0.2183E-04
   140.9      0.2194E-04
   141.0      0.2204E-04
   141.1      0.2215E-04
   141.2      0.2226E-04
   141.3      0.2236E-04
   141.4      0.2247E-04
   141.5      0.2257E-04
   141.6      0.2267E-04
   141.7      0.2277E-04
   141.8      0.2287E-04
   141.9      0.2297E-04
   142.0      0.2306E-04
   142.1      0.2315E-04
   142.2      0.2324E-04
   142.3      0.2332E-04
   142.4      0.2341E-04
   142.5      0.2348E-04
   142.6      0.2356E-04
   142.7      0.2363E-04
   142.8      0.2369E-04
   142.9      0.2375E-04
   143.0      0.2381E-04
   143.1      0.2386E-04
   143.2      0.2391E-04
   143.3      0.2396E-04
   143.4      0.2399E-04
   143.5      0.2403E-04
   143.6      0.2405E-04
   143.7      0.2408E-04
   143.8      0.2409E-04
   143.9      0.2410E-04
   144.0      0.2411E-04
   144.1      0.2411E-04
   144.2      0.2410E-04
   144.3      0.2409E-04
   144.4      0.2407E-04
   144.5      0.2405E-04
   144.6      0.2402E-04
   144.7      0.2399E-04
   144.8      0.2394E-04
   144.9      0.2390E-04
   145.0      0.2384E-04
   145.1      0.2378E-04
   145.2      0.2372E-04
   145.3      0.2365E-04
   145.4      0.2357E-04
   145.5      0.2349E-04
   145.6      0.2340E-04
   145.7      0.2330E-04
   145.8      0.2320E-04
   145.9      0.2309E-04
   146.0      0.2298E-04
   146.1      0.2286E-04
   146.2      0.2274E-04
   146.3      0.2261E-04
   146.4      0.2247E-04
   146.5      0.2233E-04
   146.6      0.2219E-04
   146.7      0.2204E-04
   146.8      0.2188E-04
   146.9      0.2172E-04
   147.0      0.2156E-04
   147.1      0.2139E-04
   147.2      0.2121E-04
   147.3      0.2103E-04
   147.4      0.2085E-04
   147.5      0.2066E-04
   147.6      0.2047E-04
   147.7      0.2027E-04
   147.8      0.2007E-04
   147.9      0.1987E-04
   148.0      0.1966E-04
   148.1      0.1945E-04
   148.2      0.1924E-04
   148.3      0.1902E-04
   148.4      0.1880E-04
   148.5      0.1858E-04
   148.6      0.1835E-04
   148.7      0.1813E-04
   148.8      0.1790E-04
   148.9      0.1767E-04
   149.0      0.1743E-04
   149.1      0.1720E-04
   149.2      0.1696E-04
   149.3      0.1673E-04
   149.4      0.1649E-04
   149.5      0.1625E-04
   149.6      0.1601E-04
   149.7      0.1577E-04
   149.8      0.1553E-04
   149.9      0.1528E-04
   150.0      0.1504E-04
   150.1      0.1480E-04
   150.2      0.1456E-04
   150.3      0.1432E-04
   150.4      0.1408E-04
   150.5      0.1384E-04
   150.6      0.1360E-04
   150.7      0.1337E-04
   150.8      0.1313E-04
   150.9      0.1290E-04
   151.0      0.1266E-04
   151.1      0.1243E-04
   151.2      0.1221E-04
   151.3      0.1198E-04
   151.4      0.1175E-04
   151.5      0.1153E-04
   151.6      0.1131E-04
   151.7      0.1110E-04
   151.8      0.1088E-04
   151.9      0.1067E-04
   152.0      0.1047E-04
   152.1      0.1026E-04
   152.2      0.1006E-04
   152.3      0.9863E-05
   152.4      0.9669E-05
   152.5      0.9479E-05
   152.6      0.9293E-05
   152.7      0.9110E-05
   152.8      0.8931E-05
   152.9      0.8757E-05
   153.0      0.8587E-05
   153.1      0.8420E-05
   153.2      0.8259E-05
   153.3      0.8101E-05
   153.4      0.7948E-05
   153.5      0.7799E-05
   153.6      0.7655E-05
   153.7      0.7516E-05
   153.8      0.7381E-05
   153.9      0.7251E-05
   154.0      0.7125E-05
   154.1      0.7004E-05
   154.2      0.6888E-05
   154.3      0.6776E-05
   154.4      0.6670E-05
   154.5      0.6567E-05
   154.6      0.6470E-05
   154.7      0.6377E-05
   154.8      0.6289E-05
   154.9      0.6206E-05
   155.0      0.6128E-05
   155.1      0.6054E-05
   155.2      0.5984E-05
   155.3      0.5919E-05
   155.4      0.5859E-05
   155.5      0.5803E-05
   155.6      0.5751E-05
   155.7      0.5704E-05
   155.8      0.5661E-05
   155.9      0.5623E-05
   156.0      0.5588E-05
   156.1      0.5558E-05
   156.2      0.5531E-05
   156.3      0.5509E-05
   156.4      0.5490E-05
   156.5      0.5475E-05
   156.6      0.5464E-05
   156.7      0.5456E-05
   156.8      0.5452E-05
   156.9      0.5452E-05
   157.0      0.5454E-05
   157.1      0.5460E-05
   157.2      0.5469E-05
   157.3      0.5480E-05
   157.4      0.5495E-05
   157.5      0.5512E-05
   157.6      0.5533E-05
   157.7      0.5555E-05
   157.8      0.5580E-05
   157.9      0.5608E-05
   158.0      0.5637E-05
   158.1      0.5669E-05
   158.2      0.5703E-05
   158.3      0.5739E-05
   158.4      0.5776E-05
   158.5      0.5815E-05
   158.6      0.5856E-05
   158.7      0.5898E-05
   158.8      0.5942E-05
   158.9      0.5987E-05
   159.0      0.6032E-05
   159.1      0.6079E-05
   159.2      0.6127E-05
   159.3      0.6176E-05
   159.4      0.6225E-05
   159.5      0.6276E-05
   159.6      0.6326E-05
   159.7      0.6377E-05
   159.8      0.6429E-05
   159.9      0.6481E-05
   160.0      0.6533E-05
   160.1      0.6585E-05
   160.2      0.6637E-05
   160.3      0.6689E-05
   160.4      0.6741E-05
   160.5      0.6793E-05
   160.6      0.6844E-05
   160.7      0.6895E-05
   160.8      0.6946E-05
   160.9      0.6997E-05
   161.0      0.7047E-05
   161.1      0.7096E-05
   161.2      0.7145E-05
   161.3      0.7193E-05
   161.4      0.7241E-05
   161.5      0.7287E-05
   161.6      0.7334E-05
   161.7      0.7379E-05
   161.8      0.7423E-05
   161.9      0.7467E-05
   162.0      0.7510E-05
   162.1      0.7552E-05
   162.2      0.7593E-05
   162.3      0.7633E-05
   162.4      0.7672E-05
   162.5      0.7710E-05
   162.6      0.7747E-05
   162.7      0.7784E-05
   162.8      0.7819E-05
   162.9      0.7853E-05
   163.0      0.7887E-05
   163.1      0.7919E-05
   163.2      0.7951E-05
   163.3      0.7981E-05
   163.4      0.8011E-05
   163.5      0.8040E-05
   163.6      0.8068E-05
   163.7      0.8095E-05
   163.8      0.8121E-05
   163.9      0.8146E-05
   164.0      0.8171E-05
   164.1      0.8194E-05
   164.2      0.8217E-05
   164.3      0.8239E-05
   164.4      0.8260E-05
   164.5      0.8281E-05
   164.6      0.8301E-05
   164.7      0.8320E-05
   164.8      0.8338E-05
   164.9      0.8356E-05
   165.0      0.8373E-05
   165.1      0.8389E-05
   165.2      0.8405E-05
   165.3      0.8421E-05
   165.4      0.8435E-05
   165.5      0.8449E-05
   165.6      0.8463E-05
   165.7      0.8476E-05
   165.8      0.8489E-05
   165.9      0.8501E-05
   166.0      0.8512E-05
   166.1      0.8523E-05
   166.2      0.8534E-05
   166.3      0.8544E-05
   166.4      0.8554E-05
   166.5      0.8563E-05
   166.6      0.8572E-05
   166.7      0.8580E-05
   166.8      0.8588E-05
   166.9      0.8595E-05
   167.0      0.8602E-05
   167.1      0.8608E-05
   167.2      0.8614E-05
   167.3      0.8619E-05
   167.4      0.8624E-05
   167.5      0.8628E-05
   167.6      0.8632E-05
   167.7      0.8635E-05
   167.8      0.8638E-05
   167.9      0.8640E-05
   168.0      0.8641E-05
   168.1      0.8642E-05
   168.2      0.8642E-05
   168.3      0.8641E-05
   168.4      0.8639E-05
   168.5      0.8637E-05
   168.6      0.8633E-05
   168.7      0.8629E-05
   168.8      0.8624E-05
   168.9      0.8618E-05
   169.0      0.8611E-05
   169.1      0.8604E-05
   169.2      0.8595E-05
   169.3      0.8584E-05
   169.4      0.8573E-05
   169.5      0.8561E-05
   169.6      0.8547E-05
   169.7      0.8532E-05
   169.8      0.8516E-05
   169.9      0.8499E-05
   170.0      0.8480E-05
   170.1      0.8459E-05
   170.2      0.8438E-05
   170.3      0.8414E-05
   170.4      0.8390E-05
   170.5      0.8363E-05
   170.6      0.8335E-05
   170.7      0.8306E-05
   170.8      0.8274E-05
   170.9      0.8241E-05
   171.0      0.8206E-05
   171.1      0.8170E-05
   171.2      0.8132E-05
   171.3      0.8092E-05
   171.4      0.8050E-05
   171.5      0.8006E-05
   171.6      0.7960E-05
   171.7      0.7913E-05
   171.8      0.7863E-05
   171.9      0.7812E-05
   172.0      0.7759E-05
   172.1      0.7704E-05
   172.2      0.7646E-05
   172.3      0.7587E-05
   172.4      0.7527E-05
   172.5      0.7464E-05
   172.6      0.7399E-05
   172.7      0.7333E-05
   172.8      0.7264E-05
   172.9      0.7194E-05
   173.0      0.7122E-05
   173.1      0.7049E-05
   173.2      0.6973E-05
   173.3      0.6896E-05
   173.4      0.6818E-05
   173.5      0.6737E-05
   173.6      0.6655E-05
   173.7      0.6572E-05
   173.8      0.6487E-05
   173.9      0.6401E-05
   174.0      0.6314E-05
   174.1      0.6225E-05
   174.2      0.6135E-05
   174.3      0.6044E-05
   174.4      0.5952E-05
   174.5      0.5858E-05
   174.6      0.5764E-05
   174.7      0.5670E-05
   174.8      0.5574E-05
   174.9      0.5478E-05
   175.0      0.5381E-05
   175.1      0.5284E-05
   175.2      0.5187E-05
   175.3      0.5089E-05
   175.4      0.4991E-05
   175.5      0.4893E-05
   175.6      0.4795E-05
   175.7      0.4698E-05
   175.8      0.4600E-05
   175.9      0.4503E-05
   176.0      0.4406E-05
   176.1      0.4310E-05
   176.2      0.4215E-05
   176.3      0.4120E-05
   176.4      0.4027E-05
   176.5      0.3934E-05
   176.6      0.3843E-05
   176.7      0.3752E-05
   176.8      0.3663E-05
   176.9      0.3576E-05
   177.0      0.3490E-05
   177.1      0.3405E-05
   177.2      0.3323E-05
   177.3      0.3242E-05
   177.4      0.3163E-05
   177.5      0.3087E-05
   177.6      0.3012E-05
   177.7      0.2940E-05
   177.8      0.2870E-05
   177.9      0.2803E-05
   178.0      0.2738E-05
   178.1      0.2675E-05
   178.2      0.2616E-05
   178.3      0.2559E-05
   178.4      0.2505E-05
   178.5      0.2454E-05
   178.6      0.2405E-05
   178.7      0.2360E-05
   178.8      0.2318E-05
   178.9      0.2279E-05
   179.0      0.2244E-05
   179.1      0.2211E-05
   179.2      0.2182E-05
   179.3      0.2156E-05
   179.4      0.2134E-05
   179.5      0.2115E-05
   179.6      0.2099E-05
   179.7      0.2087E-05
   179.8      0.2078E-05
   179.9      0.2073E-05
   180.0      0.2071E-05
 END
