# KN1,E,l,j,2j+1,N =   1  -2.22500   0  0.5   2 301
 0.0009999999776482583 0.
 0.1 0.04829900729705436
 0.2 0.0960010815619094
 0.30000000000000004 0.142543952621491
 0.4 0.18741289293279484
 0.5 0.23015019199652423
 0.6000000000000001 0.2703629562313832
 0.7000000000000001 0.3077289081553947
 0.8 0.34199992434845483
 0.9 0.37300314817312064
 1. 0.40063963422741994
 1.1 0.42488062196208953
 1.2000000000000002 0.44576167971828345
 1.3 0.4633750923825542
 1.4000000000000001 0.47786096935207023
 1.5 0.489397612425173
 1.6 0.49819169121789825
 1.7000000000000002 0.5044687384992784
 1.8 0.5084643929706278
 1.9000000000000001 0.510416709604826
 2. 0.5105597338954244
 2.1 0.509118418291977
 2.2 0.5063048571146326
 2.3000000000000003 0.5023157368980292
 2.4000000000000004 0.49733084790034704
 2.5 0.4915124761563336
 2.6 0.48500548885764894
 2.7 0.4779379365005591
 2.8000000000000003 0.4704220148543812
 2.9000000000000004 0.46255525402915654
 3. 0.4544218287260758
 3.1 0.4460939082689941
 3.2 0.43763298713083715
 3.3000000000000003 0.42909115503092665
 3.4000000000000004 0.42051228072668884
 3.5 0.41193309512000564
 3.6 0.4033841675826631
 3.7 0.39489139184521865
 3.8000000000000003 0.3864749045503292
 3.9000000000000004 0.3781516049454405
 4. 0.3699351218741069
 4.1000000000000005 0.36183631766327756
 4.2 0.35386372144743533
 4.3 0.34602390024964685
 4.4 0.33832177565420973
 4.5 0.3307608932502832
 4.6000000000000005 0.3233436512787279
 4.7 0.31607149422534386
 4.800000000000001 0.30894507639821855
 4.9 0.3019643998988932
 5. 0.2951289308082427
 5.1000000000000005 0.28843769687280496
 5.2 0.2818893695287147
 5.300000000000001 0.2754823326759617
 5.4 0.2692147402663047
 5.5 0.26308456445880635
 5.6000000000000005 0.25708963582872935
 5.7 0.25122767689312436
 5.800000000000001 0.24549633001444293
 5.9 0.23989318058356332
 6. 0.23441577623942977
 6.1000000000000005 0.22906164276530774
 6.2 0.22382829719820577
 6.300000000000001 0.218713258604408
 6.4 0.21371405690097178
 6.5 0.20882824004291625
 6.6000000000000005 0.20405337984377445
 6.7 0.1993870766549843
 6.800000000000001 0.19482696309262768
 6.9 0.19037070696993122
 7. 0.18601601356840447
 7.1000000000000005 0.1817606273586117
 7.2 0.17760233326393754
 7.300000000000001 0.17353895754538023
 7.4 0.1695683683726557
 7.5 0.16568847613630214
 7.6000000000000005 0.16189723354663435
 7.7 0.1581926355577244
 7.800000000000001 0.15457271914839468
 7.9 0.1510355629870091
 8. 0.14757928700231066
 8.1 0.14420205187896104
 8.200000000000001 0.14090205849329507
 8.3 0.1376775473022328
 8.4 0.13452679769608775
 8.5 0.13144812732424818
 8.6 0.12843989140113143
 8.700000000000001 0.12550048199857752
 8.8 0.12262832732976378
 8.9 0.11982189102883521
 9. 0.11707967142970246
 9.1 0.11440020084683526
 9.200000000000001 0.1117820448603592
 9.3 0.10922380160732953
 9.4 0.10672410108069309
 9.5 0.10428160443714497
 9.600000000000001 0.10189500331483632
 9.700000000000001 0.09956301916168035
 9.8 0.09728440257482701
 9.9 0.09505793265173314
 10. 0.09288241635313332
 10.100000000000001 0.0907566878781183
 10.200000000000001 0.08867960805144431
 10.3 0.08665006372313014
 10.4 0.08466696718034133
 10.5 0.08272925557151645
 10.600000000000001 0.08083589034265291
 10.700000000000001 0.07898585668563911
 10.8 0.0771781629984966
 10.9 0.07541184035737501
 11. 0.07368594200012872
 11.100000000000001 0.07199954282129135
 11.200000000000001 0.07035173887825578
 11.3 0.06874164690846024
 11.4 0.06716840385737677
 11.5 0.06563116641709474
 11.600000000000001 0.06412911057529082
 11.700000000000001 0.06266143117437567
 11.8 0.06122734148060828
 11.9 0.059826072762969466
 12. 0.05845687388158776
 12.100000000000001 0.057119010885513063
 12.200000000000001 0.0558117666196356
 12.3 0.05453444034055084
 12.4 0.053286347341173594
 12.5 0.05206681858390802
 12.600000000000001 0.05087520034218341
 12.700000000000001 0.04971085385016903
 12.8 0.04857315496048515
 12.9 0.04746149380973012
 13. 0.046375274491647946
 13.100000000000001 0.045313914737763514
 13.200000000000001 0.04427684560531668
 13.3 0.04326351117232994
 13.4 0.042273368239647516
 13.5 0.04130588603978786
 13.600000000000001 0.04036054595245417
 13.700000000000001 0.039436841226551875
 13.8 0.03853427670856435
 13.9 0.03765236857714228
 14. 0.036790644083764736
 14.100000000000001 0.03594864129933362
 14.200000000000001 0.03512590886656567
 14.3 0.03432200575805009
 14.4 0.03353650103984191
 14.5 0.032768973640464966
 14.600000000000001 0.03201901212520058
 14.700000000000001 0.031286214475541314
 14.8 0.03057018787369153
 14.9 0.029870548491999528
 15. 0.029186921287208293
 15.100000000000001 0.028518939799414805
 15.200000000000001 0.027866245955630087
 15.3 0.027228489877834827
 15.4 0.02660532969542769
 15.5 0.025996431361965795
 15.600000000000001 0.025401468476099212
 15.700000000000001 0.024820122106603486
 15.8 0.024252080621416417
 15.9 0.023697039520587458
 16. 0.023154701273050263
 16.1 0.022624775157130777
 16.2 0.022106977104705553
 16.3 0.02160102954892658
 16.400000000000002 0.02110666127543116
 16.5 0.020623607276956973
 16.6 0.02015160861128451
 16.7 0.01969041226243053
 16.8 0.01923977100501843
 16.900000000000002 0.018799443271752574
 17. 0.01836919302392562
 17.1 0.01794878962488953
 17.2 0.017538007716422267
 17.3 0.017136627097924052
 17.400000000000002 0.016744432608378372
 17.5 0.016361214011014407
 17.6 0.01598676588060917
 17.7 0.015620887493368853
 17.8 0.015263382719330388
 17.900000000000002 0.014914059917225534
 18. 0.014572731831751125
 18.1 0.014239215493190476
 18.2 0.013913332119332008
 18.3 0.013594907019632656
 18.400000000000002 0.013283769501574602
 18.5 0.01297975277916514
 18.6 0.012682693883530683
 18.7 0.012392433575556899
 18.8 0.012108816260528236
 18.900000000000002 0.011831689904720997
 19. 0.011560905953905314
 19.1 0.011296319253712321
 19.200000000000003 0.011037787971823799
 19.3 0.01078517352194264
 19.400000000000002 0.010538340489503346
 19.5 0.010297156559082714
 19.6 0.010061492443471884
 19.700000000000003 0.009831221814371587
 19.8 0.009606221234673595
 19.900000000000002 0.009386370092291957
 20. 0.009171550535508617
 20.1 0.008961647409798722
 20.200000000000003 0.008756548196101771
 20.3 0.008556142950505503
 20.400000000000002 0.008360324245310226
 20.5 0.008168987111441928
 20.6 0.007982028982183368
 20.700000000000003 0.007799349638192948
 20.8 0.007620851153781899
 20.900000000000002 0.00744643784442099
 21. 0.0072760162154486135
 21.1 0.007109494911952748
 21.200000000000003 0.006946784669799949
 21.3 0.006787798267785098
 21.400000000000002 0.006632450480876283
 21.5 0.006480658034529704
 21.6 0.006332339560050174
 21.700000000000003 0.006187415550973234
 21.8 0.0060458083204455206
 21.900000000000002 0.005907441959580564
 22. 0.005772242296767636
 22.1 0.005640136857911893
 22.200000000000003 0.005511054827584467
 22.3 0.005384927011061686
 22.400000000000002 0.005261685797233089
 22.5 0.005141265122358319
 22.6 0.00502360043465352
 22.700000000000003 0.004908628659688184
 22.8 0.004796288166573966
 22.900000000000002 0.004686518734927297
 23. 0.00457926152258811
 23.1 0.004474459034077366
 23.200000000000003 0.0043720550897764585
 23.3 0.004271994795812007
 23.400000000000002 0.004174224514629864
 23.5 0.004078691836242577
 23.6 0.003985345550134899
 23.700000000000003 0.003894135617812265
 23.8 0.003805013145977544
 23.900000000000002 0.0037179303603216748
 24. 0.003632840579914129
 24.1 0.0035496981921794976
 24.200000000000003 0.003468458628446758
 24.3 0.003389078340058134
 24.400000000000002 0.0033115147750247416
 24.5 0.0032357263552164894
 24.6 0.003161672454074027
 24.700000000000003 0.003089313374830787
 24.8 0.0030186103292334314
 24.900000000000002 0.0029495254167493305
 25. 0.0028820216042498826
 25.1 0.002816062706158826
 25.200000000000003 0.002751613365054872
 25.3 0.002688639032718279
 25.400000000000002 0.0026271059516111994
 25.5 0.00256698113678187
 25.6 0.0025082323581829538
 25.700000000000003 0.0024508281233945467
 25.8 0.002394737660742593
 25.900000000000002 0.0023399309028036587
 26. 0.0022863784702872154
 26.1 0.002234051656286807
 26.200000000000003 0.0021829224108916427
 26.3 0.0021329633261503796
 26.400000000000002 0.0020841476213790235
 26.5 0.0020364491288050817
 26.6 0.0019898422795402706
 26.700000000000003 0.0019443020898742465
 26.8 0.001899804147882036
 26.900000000000002 0.001856324600337965
 27. 0.0018138401399290772
 27.1 0.0017723279927612011
 27.200000000000003 0.0017317659061509467
 27.3 0.001692132136697103
 27.400000000000002 0.001653405438625039
 27.5 0.0016155650523978532
 27.6 0.00157859069358818
 27.700000000000003 0.0015424625420046704
 27.8 0.0015071612310673345
 27.900000000000002 0.0014726678374260417
 28. 0.001438963870816614
 28.1 0.0014060312641490753
 28.200000000000003 0.0013738523638227482
 28.3 0.001342409920262998
 28.400000000000002 0.0013116870786745599
 28.5 0.001281667370006484
 28.6 0.001252334702123865
 28.700000000000003 0.0012236733511816137
 28.8 0.001195667953195654
 28.900000000000002 0.0011683034958070236
 29. 0.0011415653102344627
 29.1 0.0011154390634111808
 29.200000000000003 0.0010899107503015827
 29.3 0.0010649666863938357
 29.400000000000002 0.001040593500364256
 29.5 0.001016778126909578
 29.6 0.0009935077997432708
 29.700000000000003 0.0009707700447521365
 29.8 0.0009485526733095362
 29.900000000000002 0.0009268437757416469
 &
# KN1,E,l,j,2j+1,N =   2  -2.03400   1  1.5   4 301
 0.0009999999776482583 0.
 0.1 0.0028746490909990225
 0.2 0.01105847603921529
 0.30000000000000004 0.024536023882714524
 0.4 0.043011859050589435
 0.5 0.06608768348279287
 0.6000000000000001 0.09327358379453243
 0.7000000000000001 0.12399964200386536
 0.8 0.15763029867285447
 0.9 0.1934807028867294
 1. 0.23083447012286712
 1.1 0.2689623146611651
 1.2000000000000002 0.3071410009220938
 1.3 0.34467202243541534
 1.4000000000000001 0.3808993822183959
 1.5 0.41522583745775865
 1.6 0.4471269843267452
 1.7000000000000002 0.4761626065400494
 1.8 0.5019848013827911
 1.9000000000000001 0.5243425316079575
 2. 0.543082429038252
 2.1 0.5581458803111083
 2.2 0.5695626520689283
 2.3000000000000003 0.5774415291601543
 2.4000000000000004 0.5819586267024583
 2.5 0.5833441670689022
 2.6 0.5818685715607553
 2.7 0.5778286939285319
 2.8000000000000003 0.5715349266120188
 2.9000000000000004 0.5632997575217955
 3. 0.5534281631585634
 3.1 0.5422100329862807
 3.2 0.5299146384902867
 3.3000000000000003 0.5167870177271848
 3.4000000000000004 0.5030460430281078
 3.5 0.48888388495391344
 3.6 0.4744665641525243
 3.7 0.45993533060638925
 3.8000000000000003 0.4454084319276917
 3.9000000000000004 0.43098339696761484
 4. 0.4167393099922917
 4.1000000000000005 0.4027391182064586
 4.2 0.3890318446791517
 4.3 0.3756546466762615
 4.4 0.3626346852663695
 4.5 0.3499907912576423
 4.6000000000000005 0.33773492649402526
 4.7 0.3258734487776138
 4.800000000000001 0.31440819448029506
 4.9 0.3033373960058972
 5. 0.292656452436002
 5.1000000000000005 0.2823585716795328
 5.2 0.2724353015289225
 5.300000000000001 0.26287696567971347
 5.4 0.25367301913826595
 5.5 0.2448123358031483
 5.6000000000000005 0.23628343932748722
 5.7 0.22807468684588186
 5.800000000000001 0.2201744137694823
 5.9 0.2125710465485895
 6. 0.20525318925370484
 6.1000000000000005 0.19820968883418516
 6.2 0.19142968312239464
 6.300000000000001 0.1849026349404863
 6.4 0.17861835508285492
 6.5 0.17256701645600142
 6.6000000000000005 0.16673916124230537
 6.7 0.16112570261180612
 6.800000000000001 0.15571792222148637
 6.9 0.15050746450393823
 7. 0.14548632855590715
 7.1000000000000005 0.14064685827708923
 7.2 0.13598173127782806
 7.300000000000001 0.13148394696974725
 7.4 0.12714681416429804
 7.5 0.12296393843478412
 7.6000000000000005 0.11892920944009458
 7.7 0.11503678836150212
 7.800000000000001 0.11128109556708242
 7.9 0.10765679858840575
 8. 0.10415880047014249
 8.1 0.10078222853429086
 8.200000000000001 0.09752242358582658
 8.3 0.0943749295748726
 8.4 0.09133548372121082
 8.5 0.08840000710005064
 8.6 0.0855645956826654
 8.700000000000001 0.08282551182149274
 8.8 0.08017917616641618
 8.9 0.07762215999700704
 9. 0.07515117795412235
 9.1 0.07276308115344242
 9.200000000000001 0.07045485066320868
 9.3 0.06822359132832057
 9.4 0.06606652592315566
 9.5 0.0639809896158248
 9.600000000000001 0.06196442472709059
 9.700000000000001 0.06001437576776806
 9.8 0.05812848473906618
 9.9 0.056304486681041425
 10. 0.05454020545503715
 10.100000000000001 0.05283354974670616
 10.200000000000001 0.051182509276929564
 10.3 0.04958515120863832
 10.4 0.04803961673823229
 10.5 0.04654411786094136
 10.600000000000001 0.045096934300105015
 10.700000000000001 0.04369641059094694
 10.8 0.04234095330998986
 10.9 0.04102902844179829
 11. 0.03975915887524599
 11.100000000000001 0.03852992202198587
 11.200000000000001 0.03733994755025348
 11.3 0.03618791522755965
 11.4 0.035072552866227256
 11.5 0.033992634366100075
 11.600000000000001 0.03294697784910263
 11.700000000000001 0.031934443880656346
 11.8 0.030953933773264525
 11.9 0.03000438796786436
 12. 0.029084784488812188
 12.100000000000001 0.028194137468617972
 12.200000000000001 0.027331495738778806
 12.3 0.026495941483279647
 12.4 0.025686588951533244
 12.5 0.024902583227722125
 12.600000000000001 0.024143099053683458
 12.700000000000001 0.023407339702644376
 12.8 0.022694535901271077
 12.9 0.022003944797640607
 13. 0.021334848972880648
 13.100000000000001 0.02068655549435026
 13.200000000000001 0.020058395008353803
 13.3 0.019449720870492425
 13.4 0.01885990831186208
 13.5 0.018288353639405487
 13.600000000000001 0.017734473468817513
 13.700000000000001 0.017197703988489986
 13.8 0.016677500253063058
 13.9 0.016173335505226465
 14. 0.01568470052448556
 14.100000000000001 0.015211103001674381
 14.200000000000001 0.014752066938061184
 14.3 0.014307132067951443
 14.4 0.01387585330374922
 14.5 0.01345780020249077
 14.600000000000001 0.01305255645291357
 14.700000000000001 0.012659719382171234
 14.8 0.012278899481348388
 14.9 0.01190971994897172
 15. 0.011551816251752322
 15.100000000000001 0.01120483570183178
 15.200000000000001 0.010868437049839386
 15.3 0.010542290093101009
 15.4 0.010226075298371419
 15.5 0.009919483438491498
 15.600000000000001 0.009622215242399763
 15.700000000000001 0.009333981057954148
 15.8 0.00905450052704507
 15.9 0.008783502272504627
 16. 0.00852072359633929
 16.1 0.008265910188834822
 16.2 0.00801881584810244
 16.3 0.007779202209654448
 16.400000000000002 0.007546838485615871
 16.5 0.007321501213195863
 16.6 0.0071029740120592535
 16.7 0.006891047350254132
 16.8 0.0066855183183663165
 16.900000000000002 0.006486190411585686
 17. 0.006292873319382769
 17.1 0.006105382722506869
 17.2 0.005923540097029117
 17.3 0.005747172525165512
 17.400000000000002 0.005576112512626032
 17.5 0.005410197812246445
 17.6 0.0052492712536695366
 17.7 0.005093180578851944
 17.8 0.004941778283182081
 17.900000000000002 0.004794921462003175
 18. 0.004652471662343917
 18.1 0.004514294739667062
 18.2 0.0043802607194539395
 18.3 0.0042502436634500994
 18.400000000000002 0.0041241215404041786
 18.5 0.004001776101138773
 18.6 0.0038830927577983474
 18.7 0.003767960467125306
 18.8 0.0036562716176211482
 18.900000000000002 0.00354792192045509
 19. 0.0034428103039879504
 19.1 0.003340838811784054
 19.200000000000003 0.00324191250398884
 19.3 0.0031459393619544685
 19.400000000000002 0.0030528301960002073
 19.5 0.0029624985561986098
 19.6 0.002874860646082634
 19.700000000000003 0.00278983523917272
 19.8 0.0027073435982266536
 19.900000000000002 0.0026273093971186144
 20. 0.0025496586452572797
 20.1 0.002474319614456175
 20.200000000000003 0.0024012227681726494
 20.3 0.0023303006930348825
 20.400000000000002 0.002261488032579324
 20.5 0.0021947214231237038
 20.6 0.002129939431703537
 20.700000000000003 0.0020670824960025863
 20.8 0.002006092866210275
 20.900000000000002 0.0019469145487414324
 21. 0.001889493251756058
 21.1 0.0018337763324190097
 21.200000000000003 0.001779712745841658
 21.3 0.0017272529956495872
 21.400000000000002 0.0016763490861223984
 21.5 0.0016269544758535795
 21.6 0.0015790240328801986
 21.700000000000003 0.0015325139912339713
 21.8 0.0014873819088669082
 21.900000000000002 0.0014435866269063976
 22. 0.0014010882301961258
 22.1 0.0013598480090807562
 22.200000000000003 0.0013198284223937277
 22.3 0.001280993061608947
 22.400000000000002 0.0012433066161184711
 22.5 0.0012067348395995911
 22.6 0.001171244517435971
 22.700000000000003 0.0011368034351586954
 22.8 0.0011033803478742445
 22.900000000000002 0.0010709449506475243
 23. 0.0010394678498091702
 23.1 0.0010089205351573617
 23.200000000000003 0.0009792753530254083
 23.3 0.0009505054801873121
 23.400000000000002 0.0009225848985744586
 23.5 0.0008954883707774731
 23.6 0.0008691914163081575
 23.700000000000003 0.0008436702885972451
 23.8 0.0008189019527045295
 23.900000000000002 0.000794864063718692
 24. 0.0007715349458249027
 24.1 0.0007488935720190044
 24.200000000000003 0.0007269195444477733
 24.3 0.0007055930753554347
 24.400000000000002 0.0006848949686172609
 24.5 0.0006648066018417055
 24.6 0.0006453099090231358
 24.700000000000003 0.0006263873637278137
 24.8 0.0006080219627963368
 24.900000000000002 0.0005901972105463036
 25. 0.0005728971034594892
 25.1 0.0005561061153383321
 25.200000000000003 0.0005398091829170229
 25.3 0.0005239916919129632
 25.400000000000002 0.0005086394635048206
 25.5 0.0004937387412238528
 25.6 0.00047927617824560154
 25.700000000000003 0.00046523882506947046
 25.8 0.00045161411757410744
 25.900000000000002 0.0004383898654368918
 26. 0.00042555424090620696
 26.1 0.00041309576791554
 26.200000000000003 0.00040100331152879927
 26.3 0.00038926606770657704
 26.400000000000002 0.00037787355338341877
 26.5 0.00036681559684646666
 26.6 0.00035608232840615993
 26.700000000000003 0.00034566417134996566
 26.8 0.0003355518331704005
 26.900000000000002 0.0003257362970588825
 27. 0.0003162088136572154
 27.1 0.00030696089305877304
 27.200000000000003 0.0002979842970516945
 27.3 0.0002892710315966501
 27.400000000000002 0.000280813339531967
 27.5 0.0002726036934991321
 27.6 0.00026463478908191166
 27.700000000000003 0.0002568995381525326
 27.8 0.0002493910624185849
 27.900000000000002 0.00024210268716449429
 28. 0.00023502793518161342
 28.1 0.000228160520881162
 28.200000000000003 0.0002214943445844283
 28.3 0.00021502348698481682
 28.400000000000002 0.00020874220377649938
 28.5 0.00020264492044458476
 28.6 0.0001967262272118858
 28.700000000000003 0.00019098087413751077
 28.8 0.0001854037663626585
 28.900000000000002 0.00017998995949913664
 29. 0.00017473465515626283
 29.1 0.00016963319660194347
 29.200000000000003 0.00016468106455385346
 29.3 0.00015987387309676773
 29.400000000000002 0.00015520736572221635
 29.5 0.00015067741148675384
 29.6 0.00014628000128524767
 29.700000000000003 0.00014201124423570083
 29.8 0.0001378673641722325
 29.900000000000002 0.0001338446962429429
 &
