# For Channel #  1: l = 0, j =  0.5, c#  1
    0.900   0.459417       0.373003       0.811906    
    1.000   0.505013       0.400640       0.793325    
    1.100   0.548114       0.424881       0.775168    
    1.200   0.588520       0.445762       0.757428    
    1.300   0.626104       0.463375       0.740093    
    1.400   0.660800       0.477861       0.723155    
    1.500   0.692604       0.489398       0.706605    
    1.600   0.721563       0.498192       0.690434    
    1.700   0.747768       0.504469       0.674633    
    1.800   0.771345       0.508464       0.659192    
    1.900   0.792442       0.510417       0.644106    
    2.000   0.811230       0.510560       0.629365    
    2.100   0.827887       0.509118       0.614961    
    2.200   0.842597       0.506305       0.600886    
    2.300   0.855538       0.502316       0.587134    
    2.400   0.866887       0.497331       0.573697    
    2.500   0.876812       0.491512       0.560567    
    2.600   0.885470       0.485005       0.547738    
    2.700   0.893004       0.477938       0.535202    
    2.800   0.899548       0.470422       0.522953    
    2.900   0.905223       0.462555       0.510985    
    3.000   0.910135       0.454422       0.499291    
    3.100   0.914383       0.446094       0.487863    
    3.200   0.918051       0.437633       0.476698    
    3.300   0.921215       0.429091       0.465788    
    3.400   0.923942       0.420512       0.455128    
    3.500   0.926292       0.411933       0.444712    
    3.600   0.928314       0.403384       0.434534    
    3.700   0.930055       0.394891       0.424589    
    3.800   0.931552       0.386475       0.414872    
    3.900   0.932840       0.378152       0.405377    
    4.000   0.933945       0.369935       0.396099    
    4.100   0.934895       0.361836       0.387034    
    4.200   0.935711       0.353864       0.378176    
    4.300   0.936411       0.346024       0.369521    
    4.400   0.937013       0.338322       0.361064    
    4.500   0.937529       0.330761       0.352801    
    4.600   0.937971       0.323344       0.344727    
    4.700   0.938351       0.316071       0.336837    
    4.800   0.938678       0.308945       0.329128    
    4.900   0.938957       0.301964       0.321596    
    5.000   0.939197       0.295129       0.314235    
    5.100   0.939403       0.288438       0.307044    
    5.200   0.939579       0.281889       0.300017    
    5.300   0.939731       0.275482       0.293150    
    5.400   0.939860       0.269215       0.286441    
    5.500   0.939972       0.263085       0.279886    
    5.600   0.940067       0.257090       0.273480    
    5.700   0.940149       0.251228       0.267221    
    5.800   0.940219       0.245496       0.261105    
    5.900   0.940280       0.239893       0.255130    
    6.000   0.940331       0.234416       0.249291    
    6.100   0.940376       0.229062       0.243585    
    6.200   0.940413       0.223828       0.238011    
    6.300   0.940446       0.218713       0.232563    
    6.400   0.940474       0.213714       0.227241    
    6.500   0.940498       0.208828       0.222040    
    6.600   0.940518       0.204053       0.216958    
    6.700   0.940536       0.199387       0.211993    
    6.800   0.940551       0.194827       0.207141    
    6.900   0.940564       0.190371       0.202401    
    7.000   0.940575       0.186016       0.197768    
    7.100   0.940585       0.181761       0.193242    
    7.200   0.940593       0.177602       0.188820    
    7.300   0.940600       0.173539       0.184498    
    7.400   0.940606       0.169568       0.180276    
    7.500   0.940611       0.165688       0.176150    
    7.600   0.940615       0.161897       0.172118    
    7.700   0.940619       0.158193       0.168179    
    7.800   0.940622       0.154573       0.164330    
    7.900   0.940625       0.151036       0.160569    
    8.000   0.940627       0.147579       0.156895    
    8.100   0.940629       0.144202       0.153304    
    8.200   0.940631       0.140902       0.149795    
    8.300   0.940633       0.137678       0.146367    
    8.400   0.940634       0.134527       0.143017    
    8.500   0.940635       0.131448       0.139744    
    8.600   0.940636       0.128440       0.136546    
    8.700   0.940637       0.125500       0.133421    
    8.800   0.940638       0.122628       0.130367    
    8.900   0.940638       0.119822       0.127384    
    9.000   0.940639       0.117080       0.124468    
    9.100   0.940639       0.114400       0.121620    
    9.200   0.940640       0.111782       0.118836    
    9.300   0.940640       0.109224       0.116116    
    9.400   0.940640       0.106724       0.113459    
    9.500   0.940640       0.104282       0.110862    
    9.600   0.940641       0.101895       0.108325    
    9.700   0.940641       0.995630E-01   0.105846    
    9.800   0.940641       0.972844E-01   0.103424    
    9.900   0.940641       0.950579E-01   0.101057    
   10.000   0.940641       0.928824E-01   0.987437E-01
   10.100   0.940641       0.907567E-01   0.964838E-01
   10.200   0.940641       0.886796E-01   0.942757E-01
   10.300   0.940641       0.866501E-01   0.921181E-01
   10.400   0.940642       0.846670E-01   0.900098E-01
   10.500   0.940642       0.827293E-01   0.879498E-01
   10.600   0.940642       0.808359E-01   0.859370E-01
   10.700   0.940642       0.789859E-01   0.839702E-01
   10.800   0.940642       0.771782E-01   0.820484E-01
   10.900   0.940642       0.754118E-01   0.801706E-01
   11.000   0.940642       0.736859E-01   0.783358E-01
   11.100   0.940642       0.719995E-01   0.765430E-01
   11.200   0.940642       0.703517E-01   0.747912E-01
   11.300   0.940642       0.687416E-01   0.730795E-01
   11.400   0.940642       0.671684E-01   0.714070E-01
   11.500   0.940642       0.656312E-01   0.697728E-01
   11.600   0.940642       0.641291E-01   0.681759E-01
   11.700   0.940642       0.626614E-01   0.666156E-01
   11.800   0.940642       0.612273E-01   0.650910E-01
   11.900   0.940642       0.598261E-01   0.636013E-01
   12.000   0.940642       0.584569E-01   0.621457E-01
   12.100   0.940642       0.571190E-01   0.607234E-01
   12.200   0.940642       0.558118E-01   0.593337E-01
   12.300   0.940642       0.545344E-01   0.579758E-01
   12.400   0.940642       0.532863E-01   0.566489E-01
   12.500   0.940642       0.520668E-01   0.553524E-01
   12.600   0.940642       0.508752E-01   0.540856E-01
   12.700   0.940642       0.497109E-01   0.528478E-01
   12.800   0.940642       0.485732E-01   0.516383E-01
   12.900   0.940642       0.474615E-01   0.504565E-01
   13.000   0.940642       0.463753E-01   0.493017E-01
   13.100   0.940642       0.453139E-01   0.481734E-01
   13.200   0.940642       0.442768E-01   0.470709E-01
   13.300   0.940642       0.432635E-01   0.459936E-01
   13.400   0.940642       0.422734E-01   0.449410E-01
   13.500   0.940642       0.413059E-01   0.439124E-01
   13.600   0.940642       0.403605E-01   0.429074E-01
   13.700   0.940642       0.394368E-01   0.419255E-01
   13.800   0.940642       0.385343E-01   0.409659E-01
   13.900   0.940642       0.376524E-01   0.400284E-01
   14.000   0.940642       0.367906E-01   0.391123E-01
   14.100   0.940642       0.359486E-01   0.382171E-01
   14.200   0.940642       0.351259E-01   0.373425E-01
   14.300   0.940642       0.343220E-01   0.364879E-01
   14.400   0.940642       0.335365E-01   0.356528E-01
   14.500   0.940642       0.327690E-01   0.348368E-01
   14.600   0.940642       0.320190E-01   0.340395E-01
   14.700   0.940642       0.312862E-01   0.332605E-01
   14.800   0.940642       0.305702E-01   0.324993E-01
   14.900   0.940642       0.298705E-01   0.317555E-01
   15.000   0.940642       0.291869E-01   0.310287E-01
   15.100   0.940642       0.285189E-01   0.303186E-01
   15.200   0.940642       0.278662E-01   0.296247E-01
   15.300   0.940642       0.272285E-01   0.289467E-01
   15.400   0.940642       0.266053E-01   0.282842E-01
   15.500   0.940642       0.259964E-01   0.276369E-01
   15.600   0.940642       0.254015E-01   0.270044E-01
   15.700   0.940642       0.248201E-01   0.263864E-01
   15.800   0.940642       0.242521E-01   0.257825E-01
   15.900   0.940642       0.236970E-01   0.251924E-01
   16.000   0.940642       0.231547E-01   0.246158E-01
   16.100   0.940642       0.226248E-01   0.240525E-01
   16.200   0.940642       0.221070E-01   0.235020E-01
   16.300   0.940642       0.216010E-01   0.229641E-01
   16.400   0.940642       0.211067E-01   0.224386E-01
   16.500   0.940642       0.206236E-01   0.219250E-01
   16.600   0.940642       0.201516E-01   0.214232E-01
   16.700   0.940642       0.196904E-01   0.209329E-01
   16.800   0.940642       0.192398E-01   0.204539E-01
   16.900   0.940642       0.187994E-01   0.199858E-01
   17.000   0.940642       0.183692E-01   0.195284E-01
   17.100   0.940642       0.179488E-01   0.190814E-01
   17.200   0.940642       0.175380E-01   0.186447E-01
   17.300   0.940642       0.171366E-01   0.182180E-01
   17.400   0.940642       0.167444E-01   0.178011E-01
   17.500   0.940642       0.163612E-01   0.173937E-01
   17.600   0.940642       0.159868E-01   0.169956E-01
   17.700   0.940642       0.156209E-01   0.166066E-01
   17.800   0.940642       0.152634E-01   0.162266E-01
   17.900   0.940642       0.149141E-01   0.158552E-01
   18.000   0.940642       0.145727E-01   0.154923E-01
   18.100   0.940642       0.142392E-01   0.151378E-01
   18.200   0.940642       0.139133E-01   0.147913E-01
   18.300   0.940642       0.135949E-01   0.144528E-01
   18.400   0.940642       0.132838E-01   0.141220E-01
   18.500   0.940642       0.129798E-01   0.137988E-01
   18.600   0.940642       0.126827E-01   0.134830E-01
   18.700   0.940642       0.123924E-01   0.131744E-01
   18.800   0.940642       0.121088E-01   0.128729E-01
   18.900   0.940642       0.118317E-01   0.125783E-01
   19.000   0.940642       0.115609E-01   0.122904E-01
   19.100   0.940642       0.112963E-01   0.120092E-01
   19.200   0.940642       0.110378E-01   0.117343E-01
   19.300   0.940642       0.107852E-01   0.114658E-01
   19.400   0.940642       0.105383E-01   0.112033E-01
   19.500   0.940642       0.102972E-01   0.109469E-01
   19.600   0.940642       0.100615E-01   0.106964E-01
   19.700   0.940642       0.983122E-02   0.104516E-01
   19.800   0.940642       0.960622E-02   0.102124E-01
   19.900   0.940642       0.938637E-02   0.997868E-02
   20.000   0.940642       0.917155E-02   0.975031E-02
   20.100   0.940642       0.896165E-02   0.952716E-02
   20.200   0.940642       0.875655E-02   0.930912E-02
   20.300   0.940642       0.855614E-02   0.909607E-02
   20.400   0.940642       0.836032E-02   0.888789E-02
   20.500   0.940642       0.816899E-02   0.868448E-02
   20.600   0.940642       0.798203E-02   0.848572E-02
   20.700   0.940642       0.779935E-02   0.829152E-02
   20.800   0.940642       0.762085E-02   0.810175E-02
   20.900   0.940642       0.744644E-02   0.791633E-02
   21.000   0.940642       0.727602E-02   0.773516E-02
   21.100   0.940642       0.710949E-02   0.755813E-02
   21.200   0.940642       0.694678E-02   0.738515E-02
   21.300   0.940642       0.678780E-02   0.721613E-02
   21.400   0.940642       0.663245E-02   0.705098E-02
   21.500   0.940642       0.648066E-02   0.688961E-02
   21.600   0.940642       0.633234E-02   0.673193E-02
   21.700   0.940642       0.618742E-02   0.657786E-02
   21.800   0.940642       0.604581E-02   0.642732E-02
   21.900   0.940642       0.590744E-02   0.628022E-02
   22.000   0.940642       0.577224E-02   0.613649E-02
   22.100   0.940642       0.564014E-02   0.599605E-02
   22.200   0.940642       0.551105E-02   0.585882E-02
   22.300   0.940642       0.538493E-02   0.572473E-02
   22.400   0.940642       0.526169E-02   0.559372E-02
   22.500   0.940642       0.514127E-02   0.546570E-02
   22.600   0.940642       0.502360E-02   0.534061E-02
   22.700   0.940642       0.490863E-02   0.521838E-02
   22.800   0.940642       0.479629E-02   0.509895E-02
   22.900   0.940642       0.468652E-02   0.498225E-02
   23.000   0.940642       0.457926E-02   0.486823E-02
   23.100   0.940642       0.447446E-02   0.475681E-02
   23.200   0.940642       0.437206E-02   0.464795E-02
   23.300   0.940642       0.427199E-02   0.454157E-02
   23.400   0.940642       0.417422E-02   0.443763E-02
   23.500   0.940642       0.407869E-02   0.433607E-02
   23.600   0.940642       0.398535E-02   0.423683E-02
   23.700   0.940642       0.389414E-02   0.413987E-02
   23.800   0.940642       0.380501E-02   0.404512E-02
   23.900   0.940642       0.371793E-02   0.395254E-02
   24.000   0.940642       0.363284E-02   0.386209E-02
   24.100   0.940642       0.354970E-02   0.377370E-02
   24.200   0.940642       0.346846E-02   0.368733E-02
   24.300   0.940642       0.338908E-02   0.360294E-02
   24.400   0.940642       0.331151E-02   0.352048E-02
   24.500   0.940642       0.323573E-02   0.343991E-02
   24.600   0.940642       0.316167E-02   0.336118E-02
   24.700   0.940642       0.308931E-02   0.328426E-02
   24.800   0.940642       0.301861E-02   0.320909E-02
   24.900   0.940642       0.294953E-02   0.313565E-02
   25.000   0.940642       0.288202E-02   0.306389E-02
   25.100   0.940642       0.281606E-02   0.299377E-02
   25.200   0.940642       0.275161E-02   0.292525E-02
   25.300   0.940642       0.268864E-02   0.285830E-02
   25.400   0.940642       0.262711E-02   0.279289E-02
   25.500   0.940642       0.256698E-02   0.272897E-02
   25.600   0.940642       0.250823E-02   0.266651E-02
   25.700   0.940642       0.245083E-02   0.260548E-02
   25.800   0.940642       0.239474E-02   0.254585E-02
   25.900   0.940642       0.233993E-02   0.248759E-02
   26.000   0.940642       0.228638E-02   0.243066E-02
   26.100   0.940642       0.223405E-02   0.237503E-02
   26.200   0.940642       0.218292E-02   0.232067E-02
   26.300   0.940642       0.213296E-02   0.226756E-02
   26.400   0.940642       0.208415E-02   0.221566E-02
   26.500   0.940642       0.203645E-02   0.216496E-02
   26.600   0.940642       0.198984E-02   0.211541E-02
   26.700   0.940642       0.194430E-02   0.206699E-02
   26.800   0.940642       0.189980E-02   0.201969E-02
   26.900   0.940642       0.185632E-02   0.197346E-02
   27.000   0.940642       0.181384E-02   0.192830E-02
   27.100   0.940642       0.177233E-02   0.188417E-02
   27.200   0.940642       0.173177E-02   0.184105E-02
   27.300   0.940642       0.169213E-02   0.179891E-02
   27.400   0.940642       0.165341E-02   0.175774E-02
   27.500   0.940642       0.161557E-02   0.171751E-02
   27.600   0.940642       0.157859E-02   0.167820E-02
   27.700   0.940642       0.154246E-02   0.163980E-02
   27.800   0.940642       0.150716E-02   0.160227E-02
   27.900   0.940642       0.147267E-02   0.156560E-02
   28.000   0.940642       0.143896E-02   0.152977E-02
   28.100   0.940642       0.140603E-02   0.149476E-02
   28.200   0.940642       0.137385E-02   0.146055E-02
   28.300   0.940642       0.134241E-02   0.142712E-02
   28.400   0.940642       0.131169E-02   0.139446E-02
   28.500   0.940642       0.128167E-02   0.136254E-02
   28.600   0.940642       0.125233E-02   0.133136E-02
   28.700   0.940642       0.122367E-02   0.130089E-02
   28.800   0.940642       0.119567E-02   0.127112E-02
   28.900   0.940642       0.116830E-02   0.124203E-02
   29.000   0.940642       0.114157E-02   0.121360E-02
   29.100   0.940642       0.111544E-02   0.118583E-02
   29.200   0.940642       0.108991E-02   0.115869E-02
   29.300   0.940642       0.106497E-02   0.113217E-02
   29.400   0.940642       0.104059E-02   0.110626E-02
   29.500   0.940642       0.101678E-02   0.108094E-02
   29.600   0.940642       0.993508E-03   0.105620E-02
   29.700   0.940642       0.970770E-03   0.103203E-02
   29.800   0.940642       0.948553E-03   0.100841E-02
   29.900   0.940642       0.926844E-03   0.985331E-03
 &
# For Channel #  2: l = 1, j =  1.5, c#  1
    0.900   0.524957E-01   0.193481        3.68565    
    1.000   0.700341E-01   0.230834        3.29603    
    1.100   0.903817E-01   0.268962        2.97585    
    1.200   0.113427       0.307141        2.70784    
    1.300   0.138979       0.344672        2.48002    
    1.400   0.166778       0.380899        2.28387    
    1.500   0.196500       0.415226        2.11311    
    1.600   0.227774       0.447127        1.96303    
    1.700   0.260194       0.476163        1.83003    
    1.800   0.293333       0.501985        1.71131    
    1.900   0.326762       0.524343        1.60466    
    2.000   0.360061       0.543082        1.50831    
    2.100   0.392838       0.558146        1.42080    
    2.200   0.424737       0.569563        1.34098    
    2.300   0.455447       0.577442        1.26786    
    2.400   0.484714       0.581959        1.20062    
    2.500   0.512336       0.583344        1.13860    
    2.600   0.538171       0.581869        1.08120    
    2.700   0.562130       0.577829        1.02793    
    2.800   0.584175       0.571535       0.978362    
    2.900   0.604311       0.563300       0.932135    
    3.000   0.622579       0.553428       0.888928    
    3.100   0.639053       0.542210       0.848459    
    3.200   0.653823       0.529915       0.810486    
    3.300   0.667001       0.516787       0.774792    
    3.400   0.678703       0.503046       0.741187    
    3.500   0.689054       0.488884       0.709500    
    3.600   0.698175       0.474467       0.679581    
    3.700   0.706187       0.459935       0.651294    
    3.800   0.713205       0.445408       0.624516    
    3.900   0.719336       0.430983       0.599140    
    4.000   0.724681       0.416739       0.575066    
    4.100   0.729330       0.402739       0.552204    
    4.200   0.733369       0.389032       0.530472    
    4.300   0.736870       0.375655       0.509797    
    4.400   0.739903       0.362635       0.490111    
    4.500   0.742527       0.349991       0.471351    
    4.600   0.744794       0.337735       0.453461    
    4.700   0.746752       0.325873       0.436388    
    4.800   0.748441       0.314408       0.420084    
    4.900   0.749897       0.303337       0.404505    
    5.000   0.751152       0.292656       0.389610    
    5.100   0.752233       0.282359       0.375361    
    5.200   0.753163       0.272435       0.361721    
    5.300   0.753964       0.262877       0.348660    
    5.400   0.754653       0.253673       0.336145    
    5.500   0.755245       0.244812       0.324149    
    5.600   0.755754       0.236283       0.312646    
    5.700   0.756192       0.228075       0.301610    
    5.800   0.756568       0.220174       0.291017    
    5.900   0.756891       0.212571       0.280847    
    6.000   0.757169       0.205253       0.271080    
    6.100   0.757407       0.198210       0.261695    
    6.200   0.757613       0.191430       0.252675    
    6.300   0.757788       0.184903       0.244003    
    6.400   0.757939       0.178618       0.235663    
    6.500   0.758069       0.172567       0.227640    
    6.600   0.758180       0.166739       0.219920    
    6.700   0.758276       0.161126       0.212490    
    6.800   0.758358       0.155718       0.205336    
    6.900   0.758429       0.150507       0.198446    
    7.000   0.758489       0.145486       0.191811    
    7.100   0.758541       0.140647       0.185418    
    7.200   0.758585       0.135982       0.179257    
    7.300   0.758624       0.131484       0.173319    
    7.400   0.758656       0.127147       0.167595    
    7.500   0.758684       0.122964       0.162075    
    7.600   0.758709       0.118929       0.156752    
    7.700   0.758729       0.115037       0.151618    
    7.800   0.758747       0.111281       0.146664    
    7.900   0.758762       0.107657       0.141885    
    8.000   0.758775       0.104159       0.137272    
    8.100   0.758787       0.100782       0.132820    
    8.200   0.758796       0.975224E-01   0.128523    
    8.300   0.758805       0.943749E-01   0.124373    
    8.400   0.758812       0.913355E-01   0.120366    
    8.500   0.758818       0.884000E-01   0.116497    
    8.600   0.758823       0.855646E-01   0.112760    
    8.700   0.758828       0.828255E-01   0.109149    
    8.800   0.758831       0.801792E-01   0.105661    
    8.900   0.758835       0.776222E-01   0.102291    
    9.000   0.758837       0.751512E-01   0.990346E-01
    9.100   0.758840       0.727631E-01   0.958873E-01
    9.200   0.758842       0.704549E-01   0.928452E-01
    9.300   0.758844       0.682236E-01   0.899047E-01
    9.400   0.758845       0.660665E-01   0.870619E-01
    9.500   0.758847       0.639810E-01   0.843135E-01
    9.600   0.758848       0.619644E-01   0.816559E-01
    9.700   0.758849       0.600144E-01   0.790861E-01
    9.800   0.758850       0.581285E-01   0.766008E-01
    9.900   0.758850       0.563045E-01   0.741971E-01
   10.000   0.758851       0.545402E-01   0.718721E-01
   10.100   0.758851       0.528335E-01   0.696231E-01
   10.200   0.758852       0.511825E-01   0.674473E-01
   10.300   0.758852       0.495852E-01   0.653423E-01
   10.400   0.758853       0.480396E-01   0.633056E-01
   10.500   0.758853       0.465441E-01   0.613348E-01
   10.600   0.758853       0.450969E-01   0.594277E-01
   10.700   0.758853       0.436964E-01   0.575822E-01
   10.800   0.758853       0.423410E-01   0.557960E-01
   10.900   0.758854       0.410290E-01   0.540671E-01
   11.000   0.758854       0.397592E-01   0.523937E-01
   11.100   0.758854       0.385299E-01   0.507738E-01
   11.200   0.758854       0.373399E-01   0.492057E-01
   11.300   0.758854       0.361879E-01   0.476876E-01
   11.400   0.758854       0.350726E-01   0.462178E-01
   11.500   0.758854       0.339926E-01   0.447947E-01
   11.600   0.758854       0.329470E-01   0.434167E-01
   11.700   0.758854       0.319344E-01   0.420824E-01
   11.800   0.758854       0.309539E-01   0.407903E-01
   11.900   0.758854       0.300044E-01   0.395391E-01
   12.000   0.758854       0.290848E-01   0.383272E-01
   12.100   0.758854       0.281941E-01   0.371535E-01
   12.200   0.758854       0.273315E-01   0.360168E-01
   12.300   0.758854       0.264959E-01   0.349157E-01
   12.400   0.758855       0.256866E-01   0.338492E-01
   12.500   0.758855       0.249026E-01   0.328160E-01
   12.600   0.758855       0.241431E-01   0.318152E-01
   12.700   0.758855       0.234073E-01   0.308456E-01
   12.800   0.758855       0.226945E-01   0.299063E-01
   12.900   0.758855       0.220039E-01   0.289963E-01
   13.000   0.758855       0.213348E-01   0.281145E-01
   13.100   0.758855       0.206866E-01   0.272602E-01
   13.200   0.758855       0.200584E-01   0.264325E-01
   13.300   0.758855       0.194497E-01   0.256304E-01
   13.400   0.758855       0.188599E-01   0.248531E-01
   13.500   0.758855       0.182884E-01   0.240999E-01
   13.600   0.758855       0.177345E-01   0.233701E-01
   13.700   0.758855       0.171977E-01   0.226627E-01
   13.800   0.758855       0.166775E-01   0.219772E-01
   13.900   0.758855       0.161733E-01   0.213128E-01
   14.000   0.758855       0.156847E-01   0.206689E-01
   14.100   0.758855       0.152111E-01   0.200448E-01
   14.200   0.758855       0.147521E-01   0.194399E-01
   14.300   0.758855       0.143071E-01   0.188536E-01
   14.400   0.758855       0.138759E-01   0.182853E-01
   14.500   0.758855       0.134578E-01   0.177344E-01
   14.600   0.758855       0.130526E-01   0.172003E-01
   14.700   0.758855       0.126597E-01   0.166827E-01
   14.800   0.758855       0.122789E-01   0.161808E-01
   14.900   0.758855       0.119097E-01   0.156943E-01
   15.000   0.758855       0.115518E-01   0.152227E-01
   15.100   0.758855       0.112048E-01   0.147655E-01
   15.200   0.758855       0.108684E-01   0.143222E-01
   15.300   0.758855       0.105423E-01   0.138924E-01
   15.400   0.758855       0.102261E-01   0.134757E-01
   15.500   0.758855       0.991948E-02   0.130716E-01
   15.600   0.758855       0.962222E-02   0.126799E-01
   15.700   0.758855       0.933398E-02   0.123001E-01
   15.800   0.758855       0.905450E-02   0.119318E-01
   15.900   0.758855       0.878350E-02   0.115747E-01
   16.000   0.758855       0.852072E-02   0.112284E-01
   16.100   0.758855       0.826591E-02   0.108926E-01
   16.200   0.758855       0.801882E-02   0.105670E-01
   16.300   0.758855       0.777920E-02   0.102512E-01
   16.400   0.758855       0.754684E-02   0.994504E-02
   16.500   0.758855       0.732150E-02   0.964809E-02
   16.600   0.758855       0.710297E-02   0.936012E-02
   16.700   0.758855       0.689105E-02   0.908085E-02
   16.800   0.758855       0.668552E-02   0.881001E-02
   16.900   0.758855       0.648619E-02   0.854734E-02
   17.000   0.758855       0.629287E-02   0.829259E-02
   17.100   0.758855       0.610538E-02   0.804552E-02
   17.200   0.758855       0.592354E-02   0.780589E-02
   17.300   0.758855       0.574717E-02   0.757348E-02
   17.400   0.758855       0.557611E-02   0.734806E-02
   17.500   0.758855       0.541020E-02   0.712942E-02
   17.600   0.758855       0.524927E-02   0.691736E-02
   17.700   0.758855       0.509318E-02   0.671167E-02
   17.800   0.758855       0.494178E-02   0.651215E-02
   17.900   0.758855       0.479492E-02   0.631863E-02
   18.000   0.758855       0.465247E-02   0.613091E-02
   18.100   0.758855       0.451429E-02   0.594883E-02
   18.200   0.758855       0.438026E-02   0.577220E-02
   18.300   0.758855       0.425024E-02   0.560087E-02
   18.400   0.758855       0.412412E-02   0.543466E-02
   18.500   0.758855       0.400178E-02   0.527344E-02
   18.600   0.758855       0.388309E-02   0.511704E-02
   18.700   0.758855       0.376796E-02   0.496532E-02
   18.800   0.758855       0.365627E-02   0.481814E-02
   18.900   0.758855       0.354792E-02   0.467536E-02
   19.000   0.758855       0.344281E-02   0.453685E-02
   19.100   0.758855       0.334084E-02   0.440247E-02
   19.200   0.758855       0.324191E-02   0.427211E-02
   19.300   0.758855       0.314594E-02   0.414564E-02
   19.400   0.758855       0.305283E-02   0.402294E-02
   19.500   0.758855       0.296250E-02   0.390391E-02
   19.600   0.758855       0.287486E-02   0.378842E-02
   19.700   0.758855       0.278984E-02   0.367638E-02
   19.800   0.758855       0.270734E-02   0.356767E-02
   19.900   0.758855       0.262731E-02   0.346220E-02
   20.000   0.758855       0.254966E-02   0.335988E-02
   20.100   0.758855       0.247432E-02   0.326060E-02
   20.200   0.758855       0.240122E-02   0.316427E-02
   20.300   0.758855       0.233030E-02   0.307081E-02
   20.400   0.758855       0.226149E-02   0.298013E-02
   20.500   0.758855       0.219472E-02   0.289215E-02
   20.600   0.758855       0.212994E-02   0.280678E-02
   20.700   0.758855       0.206708E-02   0.272395E-02
   20.800   0.758855       0.200609E-02   0.264358E-02
   20.900   0.758855       0.194691E-02   0.256560E-02
   21.000   0.758855       0.188949E-02   0.248993E-02
   21.100   0.758855       0.183378E-02   0.241650E-02
   21.200   0.758855       0.177971E-02   0.234526E-02
   21.300   0.758855       0.172725E-02   0.227613E-02
   21.400   0.758855       0.167635E-02   0.220905E-02
   21.500   0.758855       0.162695E-02   0.214396E-02
   21.600   0.758855       0.157902E-02   0.208080E-02
   21.700   0.758855       0.153251E-02   0.201951E-02
   21.800   0.758855       0.148738E-02   0.196003E-02
   21.900   0.758855       0.144359E-02   0.190232E-02
   22.000   0.758855       0.140109E-02   0.184632E-02
   22.100   0.758855       0.135985E-02   0.179197E-02
   22.200   0.758855       0.131983E-02   0.173924E-02
   22.300   0.758855       0.128099E-02   0.168806E-02
   22.400   0.758855       0.124331E-02   0.163840E-02
   22.500   0.758855       0.120673E-02   0.159020E-02
   22.600   0.758855       0.117124E-02   0.154344E-02
   22.700   0.758855       0.113680E-02   0.149805E-02
   22.800   0.758855       0.110338E-02   0.145401E-02
   22.900   0.758855       0.107094E-02   0.141126E-02
   23.000   0.758855       0.103947E-02   0.136978E-02
   23.100   0.758855       0.100892E-02   0.132953E-02
   23.200   0.758855       0.979275E-03   0.129046E-02
   23.300   0.758855       0.950505E-03   0.125255E-02
   23.400   0.758855       0.922585E-03   0.121576E-02
   23.500   0.758855       0.895488E-03   0.118005E-02
   23.600   0.758855       0.869191E-03   0.114540E-02
   23.700   0.758855       0.843670E-03   0.111177E-02
   23.800   0.758855       0.818902E-03   0.107913E-02
   23.900   0.758855       0.794864E-03   0.104745E-02
   24.000   0.758855       0.771535E-03   0.101671E-02
   24.100   0.758855       0.748894E-03   0.986873E-03
   24.200   0.758855       0.726920E-03   0.957916E-03
   24.300   0.758855       0.705593E-03   0.929813E-03
   24.400   0.758855       0.684895E-03   0.902537E-03
   24.500   0.758855       0.664807E-03   0.876065E-03
   24.600   0.758855       0.645310E-03   0.850373E-03
   24.700   0.758855       0.626387E-03   0.825437E-03
   24.800   0.758855       0.608022E-03   0.801236E-03
   24.900   0.758855       0.590197E-03   0.777747E-03
   25.000   0.758855       0.572897E-03   0.754949E-03
   25.100   0.758855       0.556106E-03   0.732823E-03
   25.200   0.758855       0.539809E-03   0.711347E-03
   25.300   0.758855       0.523992E-03   0.690503E-03
   25.400   0.758855       0.508639E-03   0.670272E-03
   25.500   0.758855       0.493739E-03   0.650636E-03
   25.600   0.758855       0.479276E-03   0.631578E-03
   25.700   0.758855       0.465239E-03   0.613080E-03
   25.800   0.758855       0.451614E-03   0.595126E-03
   25.900   0.758855       0.438390E-03   0.577699E-03
   26.000   0.758855       0.425554E-03   0.560785E-03
   26.100   0.758855       0.413096E-03   0.544367E-03
   26.200   0.758855       0.401003E-03   0.528432E-03
   26.300   0.758855       0.389266E-03   0.512965E-03
   26.400   0.758855       0.377874E-03   0.497952E-03
   26.500   0.758855       0.366816E-03   0.483380E-03
   26.600   0.758855       0.356082E-03   0.469236E-03
   26.700   0.758855       0.345664E-03   0.455507E-03
   26.800   0.758855       0.335552E-03   0.442182E-03
   26.900   0.758855       0.325736E-03   0.429247E-03
   27.000   0.758855       0.316209E-03   0.416692E-03
   27.100   0.758855       0.306961E-03   0.404505E-03
   27.200   0.758855       0.297984E-03   0.392676E-03
   27.300   0.758855       0.289271E-03   0.381194E-03
   27.400   0.758855       0.280813E-03   0.370049E-03
   27.500   0.758855       0.272604E-03   0.359230E-03
   27.600   0.758855       0.264635E-03   0.348729E-03
   27.700   0.758855       0.256900E-03   0.338536E-03
   27.800   0.758855       0.249391E-03   0.328641E-03
   27.900   0.758855       0.242103E-03   0.319037E-03
   28.000   0.758855       0.235028E-03   0.309714E-03
   28.100   0.758855       0.228161E-03   0.300664E-03
   28.200   0.758855       0.221494E-03   0.291880E-03
   28.300   0.758855       0.215023E-03   0.283352E-03
   28.400   0.758855       0.208742E-03   0.275075E-03
   28.500   0.758855       0.202645E-03   0.267040E-03
   28.600   0.758855       0.196726E-03   0.259241E-03
   28.700   0.758855       0.190981E-03   0.251670E-03
   28.800   0.758855       0.185404E-03   0.244320E-03
   28.900   0.758855       0.179990E-03   0.237186E-03
   29.000   0.758855       0.174735E-03   0.230261E-03
   29.100   0.758855       0.169633E-03   0.223538E-03
   29.200   0.758855       0.164681E-03   0.217013E-03
   29.300   0.758855       0.159874E-03   0.210678E-03
   29.400   0.758855       0.155207E-03   0.204528E-03
   29.500   0.758855       0.150677E-03   0.198559E-03
   29.600   0.758855       0.146280E-03   0.192764E-03
   29.700   0.758855       0.142011E-03   0.187139E-03
   29.800   0.758855       0.137867E-03   0.181678E-03
   29.900   0.758855       0.133845E-03   0.176377E-03
 &
