#1801 angles,  1 tensor ranks for 0=projectile
@subtitle   "7Li(d,p)8Li at 12 MeV"                                                         
@legend ON
@legend x1 0.2
@legend y1 0.8
@g0 type LOGY
@legend string  0 "Lab energy =   12.0000"
#legend string  0 "Partition=  2 Excit=  1 near/far= 1"
#  Theta       sigma       iT11        T20         T21         T22         Kyy for projectile
   0.000       32.40    
  0.1000       32.40    
  0.2000       32.40    
  0.3000       32.40    
  0.4000       32.40    
  0.5000       32.40    
  0.6000       32.40    
  0.7000       32.40    
  0.8000       32.40    
  0.9000       32.40    
   1.000       32.40    
   1.100       32.40    
   1.200       32.40    
   1.300       32.39    
   1.400       32.39    
   1.500       32.39    
   1.600       32.39    
   1.700       32.39    
   1.800       32.39    
   1.900       32.39    
   2.000       32.39    
   2.100       32.38    
   2.200       32.38    
   2.300       32.38    
   2.400       32.38    
   2.500       32.37    
   2.600       32.37    
   2.700       32.37    
   2.800       32.37    
   2.900       32.36    
   3.000       32.36    
   3.100       32.36    
   3.200       32.35    
   3.300       32.35    
   3.400       32.35    
   3.500       32.34    
   3.600       32.34    
   3.700       32.33    
   3.800       32.33    
   3.900       32.32    
   4.000       32.32    
   4.100       32.31    
   4.200       32.30    
   4.300       32.30    
   4.400       32.29    
   4.500       32.28    
   4.600       32.28    
   4.700       32.27    
   4.800       32.26    
   4.900       32.25    
   5.000       32.24    
   5.100       32.23    
   5.200       32.22    
   5.300       32.21    
   5.400       32.20    
   5.500       32.19    
   5.600       32.18    
   5.700       32.17    
   5.800       32.15    
   5.900       32.14    
   6.000       32.13    
   6.100       32.11    
   6.200       32.10    
   6.300       32.08    
   6.400       32.07    
   6.500       32.05    
   6.600       32.04    
   6.700       32.02    
   6.800       32.00    
   6.900       31.98    
   7.000       31.96    
   7.100       31.94    
   7.200       31.92    
   7.300       31.90    
   7.400       31.88    
   7.500       31.86    
   7.600       31.83    
   7.700       31.81    
   7.800       31.78    
   7.900       31.76    
   8.000       31.73    
   8.100       31.70    
   8.200       31.68    
   8.300       31.65    
   8.400       31.62    
   8.500       31.59    
   8.600       31.56    
   8.700       31.53    
   8.800       31.49    
   8.900       31.46    
   9.000       31.43    
   9.100       31.39    
   9.200       31.35    
   9.300       31.32    
   9.400       31.28    
   9.500       31.24    
   9.600       31.20    
   9.700       31.16    
   9.800       31.12    
   9.900       31.08    
   10.00       31.03    
   10.10       30.99    
   10.20       30.95    
   10.30       30.90    
   10.40       30.85    
   10.50       30.81    
   10.60       30.76    
   10.70       30.71    
   10.80       30.66    
   10.90       30.60    
   11.00       30.55    
   11.10       30.50    
   11.20       30.44    
   11.30       30.39    
   11.40       30.33    
   11.50       30.27    
   11.60       30.21    
   11.70       30.15    
   11.80       30.09    
   11.90       30.03    
   12.00       29.97    
   12.10       29.90    
   12.20       29.84    
   12.30       29.77    
   12.40       29.71    
   12.50       29.64    
   12.60       29.57    
   12.70       29.50    
   12.80       29.43    
   12.90       29.36    
   13.00       29.28    
   13.10       29.21    
   13.20       29.13    
   13.30       29.06    
   13.40       28.98    
   13.50       28.90    
   13.60       28.82    
   13.70       28.74    
   13.80       28.66    
   13.90       28.58    
   14.00       28.50    
   14.10       28.41    
   14.20       28.33    
   14.30       28.24    
   14.40       28.15    
   14.50       28.07    
   14.60       27.98    
   14.70       27.89    
   14.80       27.80    
   14.90       27.70    
   15.00       27.61    
   15.10       27.52    
   15.20       27.42    
   15.30       27.33    
   15.40       27.23    
   15.50       27.13    
   15.60       27.03    
   15.70       26.93    
   15.80       26.83    
   15.90       26.73    
   16.00       26.63    
   16.10       26.53    
   16.20       26.42    
   16.30       26.32    
   16.40       26.21    
   16.50       26.11    
   16.60       26.00    
   16.70       25.89    
   16.80       25.78    
   16.90       25.67    
   17.00       25.56    
   17.10       25.45    
   17.20       25.34    
   17.30       25.23    
   17.40       25.11    
   17.50       25.00    
   17.60       24.88    
   17.70       24.77    
   17.80       24.65    
   17.90       24.54    
   18.00       24.42    
   18.10       24.30    
   18.20       24.18    
   18.30       24.06    
   18.40       23.94    
   18.50       23.82    
   18.60       23.70    
   18.70       23.58    
   18.80       23.46    
   18.90       23.33    
   19.00       23.21    
   19.10       23.08    
   19.20       22.96    
   19.30       22.83    
   19.40       22.71    
   19.50       22.58    
   19.60       22.46    
   19.70       22.33    
   19.80       22.20    
   19.90       22.07    
   20.00       21.95    
   20.10       21.82    
   20.20       21.69    
   20.30       21.56    
   20.40       21.43    
   20.50       21.30    
   20.60       21.17    
   20.70       21.04    
   20.80       20.91    
   20.90       20.78    
   21.00       20.64    
   21.10       20.51    
   21.20       20.38    
   21.30       20.25    
   21.40       20.11    
   21.50       19.98    
   21.60       19.85    
   21.70       19.72    
   21.80       19.58    
   21.90       19.45    
   22.00       19.32    
   22.10       19.18    
   22.20       19.05    
   22.30       18.92    
   22.40       18.78    
   22.50       18.65    
   22.60       18.51    
   22.70       18.38    
   22.80       18.25    
   22.90       18.11    
   23.00       17.98    
   23.10       17.84    
   23.20       17.71    
   23.30       17.58    
   23.40       17.44    
   23.50       17.31    
   23.60       17.18    
   23.70       17.04    
   23.80       16.91    
   23.90       16.78    
   24.00       16.64    
   24.10       16.51    
   24.20       16.38    
   24.30       16.25    
   24.40       16.11    
   24.50       15.98    
   24.60       15.85    
   24.70       15.72    
   24.80       15.59    
   24.90       15.46    
   25.00       15.33    
   25.10       15.20    
   25.20       15.07    
   25.30       14.94    
   25.40       14.81    
   25.50       14.68    
   25.60       14.55    
   25.70       14.42    
   25.80       14.29    
   25.90       14.16    
   26.00       14.04    
   26.10       13.91    
   26.20       13.78    
   26.30       13.66    
   26.40       13.53    
   26.50       13.41    
   26.60       13.28    
   26.70       13.16    
   26.80       13.03    
   26.90       12.91    
   27.00       12.79    
   27.10       12.67    
   27.20       12.54    
   27.30       12.42    
   27.40       12.30    
   27.50       12.18    
   27.60       12.06    
   27.70       11.94    
   27.80       11.82    
   27.90       11.71    
   28.00       11.59    
   28.10       11.47    
   28.20       11.36    
   28.30       11.24    
   28.40       11.13    
   28.50       11.01    
   28.60       10.90    
   28.70       10.78    
   28.80       10.67    
   28.90       10.56    
   29.00       10.45    
   29.10       10.34    
   29.20       10.23    
   29.30       10.12    
   29.40       10.01    
   29.50       9.903    
   29.60       9.796    
   29.70       9.690    
   29.80       9.584    
   29.90       9.479    
   30.00       9.374    
   30.10       9.271    
   30.20       9.168    
   30.30       9.066    
   30.40       8.964    
   30.50       8.863    
   30.60       8.763    
   30.70       8.664    
   30.80       8.565    
   30.90       8.468    
   31.00       8.371    
   31.10       8.274    
   31.20       8.179    
   31.30       8.084    
   31.40       7.990    
   31.50       7.896    
   31.60       7.804    
   31.70       7.712    
   31.80       7.621    
   31.90       7.531    
   32.00       7.441    
   32.10       7.352    
   32.20       7.265    
   32.30       7.177    
   32.40       7.091    
   32.50       7.005    
   32.60       6.920    
   32.70       6.836    
   32.80       6.753    
   32.90       6.671    
   33.00       6.589    
   33.10       6.508    
   33.20       6.428    
   33.30       6.348    
   33.40       6.270    
   33.50       6.192    
   33.60       6.115    
   33.70       6.038    
   33.80       5.963    
   33.90       5.888    
   34.00       5.814    
   34.10       5.741    
   34.20       5.669    
   34.30       5.597    
   34.40       5.526    
   34.50       5.456    
   34.60       5.387    
   34.70       5.318    
   34.80       5.251    
   34.90       5.184    
   35.00       5.117    
   35.10       5.052    
   35.20       4.987    
   35.30       4.923    
   35.40       4.860    
   35.50       4.798    
   35.60       4.736    
   35.70       4.675    
   35.80       4.615    
   35.90       4.556    
   36.00       4.497    
   36.10       4.439    
   36.20       4.382    
   36.30       4.325    
   36.40       4.270    
   36.50       4.215    
   36.60       4.160    
   36.70       4.107    
   36.80       4.054    
   36.90       4.002    
   37.00       3.950    
   37.10       3.900    
   37.20       3.850    
   37.30       3.800    
   37.40       3.752    
   37.50       3.704    
   37.60       3.657    
   37.70       3.610    
   37.80       3.565    
   37.90       3.519    
   38.00       3.475    
   38.10       3.431    
   38.20       3.388    
   38.30       3.346    
   38.40       3.304    
   38.50       3.263    
   38.60       3.222    
   38.70       3.182    
   38.80       3.143    
   38.90       3.105    
   39.00       3.067    
   39.10       3.029    
   39.20       2.993    
   39.30       2.957    
   39.40       2.921    
   39.50       2.887    
   39.60       2.853    
   39.70       2.819    
   39.80       2.786    
   39.90       2.754    
   40.00       2.722    
   40.10       2.691    
   40.20       2.660    
   40.30       2.630    
   40.40       2.601    
   40.50       2.572    
   40.60       2.543    
   40.70       2.516    
   40.80       2.488    
   40.90       2.462    
   41.00       2.436    
   41.10       2.410    
   41.20       2.385    
   41.30       2.361    
   41.40       2.337    
   41.50       2.313    
   41.60       2.290    
   41.70       2.268    
   41.80       2.246    
   41.90       2.224    
   42.00       2.203    
   42.10       2.183    
   42.20       2.163    
   42.30       2.144    
   42.40       2.125    
   42.50       2.106    
   42.60       2.088    
   42.70       2.070    
   42.80       2.053    
   42.90       2.037    
   43.00       2.020    
   43.10       2.005    
   43.20       1.989    
   43.30       1.974    
   43.40       1.960    
   43.50       1.946    
   43.60       1.932    
   43.70       1.919    
   43.80       1.906    
   43.90       1.894    
   44.00       1.882    
   44.10       1.870    
   44.20       1.859    
   44.30       1.848    
   44.40       1.837    
   44.50       1.827    
   44.60       1.818    
   44.70       1.808    
   44.80       1.799    
   44.90       1.791    
   45.00       1.782    
   45.10       1.774    
   45.20       1.767    
   45.30       1.759    
   45.40       1.752    
   45.50       1.746    
   45.60       1.739    
   45.70       1.733    
   45.80       1.728    
   45.90       1.722    
   46.00       1.717    
   46.10       1.713    
   46.20       1.708    
   46.30       1.704    
   46.40       1.700    
   46.50       1.696    
   46.60       1.693    
   46.70       1.690    
   46.80       1.687    
   46.90       1.685    
   47.00       1.682    
   47.10       1.680    
   47.20       1.678    
   47.30       1.677    
   47.40       1.676    
   47.50       1.674    
   47.60       1.674    
   47.70       1.673    
   47.80       1.673    
   47.90       1.672    
   48.00       1.672    
   48.10       1.673    
   48.20       1.673    
   48.30       1.674    
   48.40       1.675    
   48.50       1.676    
   48.60       1.677    
   48.70       1.678    
   48.80       1.680    
   48.90       1.682    
   49.00       1.683    
   49.10       1.686    
   49.20       1.688    
   49.30       1.690    
   49.40       1.693    
   49.50       1.696    
   49.60       1.698    
   49.70       1.701    
   49.80       1.705    
   49.90       1.708    
   50.00       1.711    
   50.10       1.715    
   50.20       1.719    
   50.30       1.722    
   50.40       1.726    
   50.50       1.730    
   50.60       1.735    
   50.70       1.739    
   50.80       1.743    
   50.90       1.748    
   51.00       1.752    
   51.10       1.757    
   51.20       1.762    
   51.30       1.767    
   51.40       1.771    
   51.50       1.776    
   51.60       1.781    
   51.70       1.787    
   51.80       1.792    
   51.90       1.797    
   52.00       1.803    
   52.10       1.808    
   52.20       1.813    
   52.30       1.819    
   52.40       1.824    
   52.50       1.830    
   52.60       1.836    
   52.70       1.842    
   52.80       1.847    
   52.90       1.853    
   53.00       1.859    
   53.10       1.865    
   53.20       1.871    
   53.30       1.877    
   53.40       1.882    
   53.50       1.888    
   53.60       1.894    
   53.70       1.900    
   53.80       1.906    
   53.90       1.912    
   54.00       1.918    
   54.10       1.924    
   54.20       1.930    
   54.30       1.937    
   54.40       1.943    
   54.50       1.949    
   54.60       1.955    
   54.70       1.961    
   54.80       1.967    
   54.90       1.973    
   55.00       1.979    
   55.10       1.984    
   55.20       1.990    
   55.30       1.996    
   55.40       2.002    
   55.50       2.008    
   55.60       2.014    
   55.70       2.020    
   55.80       2.026    
   55.90       2.031    
   56.00       2.037    
   56.10       2.043    
   56.20       2.048    
   56.30       2.054    
   56.40       2.059    
   56.50       2.065    
   56.60       2.070    
   56.70       2.076    
   56.80       2.081    
   56.90       2.086    
   57.00       2.092    
   57.10       2.097    
   57.20       2.102    
   57.30       2.107    
   57.40       2.112    
   57.50       2.117    
   57.60       2.122    
   57.70       2.127    
   57.80       2.132    
   57.90       2.137    
   58.00       2.141    
   58.10       2.146    
   58.20       2.150    
   58.30       2.155    
   58.40       2.159    
   58.50       2.164    
   58.60       2.168    
   58.70       2.172    
   58.80       2.176    
   58.90       2.180    
   59.00       2.184    
   59.10       2.188    
   59.20       2.192    
   59.30       2.196    
   59.40       2.199    
   59.50       2.203    
   59.60       2.206    
   59.70       2.210    
   59.80       2.213    
   59.90       2.216    
   60.00       2.220    
   60.10       2.223    
   60.20       2.226    
   60.30       2.229    
   60.40       2.232    
   60.50       2.234    
   60.60       2.237    
   60.70       2.240    
   60.80       2.242    
   60.90       2.244    
   61.00       2.247    
   61.10       2.249    
   61.20       2.251    
   61.30       2.253    
   61.40       2.255    
   61.50       2.257    
   61.60       2.259    
   61.70       2.261    
   61.80       2.262    
   61.90       2.264    
   62.00       2.265    
   62.10       2.267    
   62.20       2.268    
   62.30       2.269    
   62.40       2.270    
   62.50       2.271    
   62.60       2.272    
   62.70       2.273    
   62.80       2.273    
   62.90       2.274    
   63.00       2.275    
   63.10       2.275    
   63.20       2.275    
   63.30       2.276    
   63.40       2.276    
   63.50       2.276    
   63.60       2.276    
   63.70       2.276    
   63.80       2.276    
   63.90       2.275    
   64.00       2.275    
   64.10       2.274    
   64.20       2.274    
   64.30       2.273    
   64.40       2.272    
   64.50       2.272    
   64.60       2.271    
   64.70       2.270    
   64.80       2.269    
   64.90       2.267    
   65.00       2.266    
   65.10       2.265    
   65.20       2.263    
   65.30       2.262    
   65.40       2.260    
   65.50       2.259    
   65.60       2.257    
   65.70       2.255    
   65.80       2.253    
   65.90       2.251    
   66.00       2.249    
   66.10       2.247    
   66.20       2.244    
   66.30       2.242    
   66.40       2.239    
   66.50       2.237    
   66.60       2.234    
   66.70       2.232    
   66.80       2.229    
   66.90       2.226    
   67.00       2.223    
   67.10       2.220    
   67.20       2.217    
   67.30       2.214    
   67.40       2.210    
   67.50       2.207    
   67.60       2.204    
   67.70       2.200    
   67.80       2.197    
   67.90       2.193    
   68.00       2.189    
   68.10       2.185    
   68.20       2.182    
   68.30       2.178    
   68.40       2.174    
   68.50       2.170    
   68.60       2.165    
   68.70       2.161    
   68.80       2.157    
   68.90       2.152    
   69.00       2.148    
   69.10       2.144    
   69.20       2.139    
   69.30       2.134    
   69.40       2.130    
   69.50       2.125    
   69.60       2.120    
   69.70       2.115    
   69.80       2.110    
   69.90       2.105    
   70.00       2.100    
   70.10       2.095    
   70.20       2.090    
   70.30       2.084    
   70.40       2.079    
   70.50       2.074    
   70.60       2.068    
   70.70       2.063    
   70.80       2.057    
   70.90       2.052    
   71.00       2.046    
   71.10       2.040    
   71.20       2.034    
   71.30       2.029    
   71.40       2.023    
   71.50       2.017    
   71.60       2.011    
   71.70       2.005    
   71.80       1.999    
   71.90       1.992    
   72.00       1.986    
   72.10       1.980    
   72.20       1.974    
   72.30       1.967    
   72.40       1.961    
   72.50       1.954    
   72.60       1.948    
   72.70       1.941    
   72.80       1.935    
   72.90       1.928    
   73.00       1.922    
   73.10       1.915    
   73.20       1.908    
   73.30       1.901    
   73.40       1.895    
   73.50       1.888    
   73.60       1.881    
   73.70       1.874    
   73.80       1.867    
   73.90       1.860    
   74.00       1.853    
   74.10       1.846    
   74.20       1.839    
   74.30       1.832    
   74.40       1.825    
   74.50       1.817    
   74.60       1.810    
   74.70       1.803    
   74.80       1.796    
   74.90       1.788    
   75.00       1.781    
   75.10       1.774    
   75.20       1.766    
   75.30       1.759    
   75.40       1.751    
   75.50       1.744    
   75.60       1.736    
   75.70       1.729    
   75.80       1.721    
   75.90       1.714    
   76.00       1.706    
   76.10       1.699    
   76.20       1.691    
   76.30       1.683    
   76.40       1.676    
   76.50       1.668    
   76.60       1.660    
   76.70       1.653    
   76.80       1.645    
   76.90       1.637    
   77.00       1.630    
   77.10       1.622    
   77.20       1.614    
   77.30       1.606    
   77.40       1.599    
   77.50       1.591    
   77.60       1.583    
   77.70       1.575    
   77.80       1.567    
   77.90       1.559    
   78.00       1.552    
   78.10       1.544    
   78.20       1.536    
   78.30       1.528    
   78.40       1.520    
   78.50       1.512    
   78.60       1.505    
   78.70       1.497    
   78.80       1.489    
   78.90       1.481    
   79.00       1.473    
   79.10       1.465    
   79.20       1.457    
   79.30       1.450    
   79.40       1.442    
   79.50       1.434    
   79.60       1.426    
   79.70       1.418    
   79.80       1.410    
   79.90       1.402    
   80.00       1.395    
   80.10       1.387    
   80.20       1.379    
   80.30       1.371    
   80.40       1.363    
   80.50       1.356    
   80.60       1.348    
   80.70       1.340    
   80.80       1.332    
   80.90       1.325    
   81.00       1.317    
   81.10       1.309    
   81.20       1.301    
   81.30       1.294    
   81.40       1.286    
   81.50       1.278    
   81.60       1.271    
   81.70       1.263    
   81.80       1.256    
   81.90       1.248    
   82.00       1.240    
   82.10       1.233    
   82.20       1.225    
   82.30       1.218    
   82.40       1.210    
   82.50       1.203    
   82.60       1.195    
   82.70       1.188    
   82.80       1.180    
   82.90       1.173    
   83.00       1.166    
   83.10       1.158    
   83.20       1.151    
   83.30       1.144    
   83.40       1.136    
   83.50       1.129    
   83.60       1.122    
   83.70       1.115    
   83.80       1.107    
   83.90       1.100    
   84.00       1.093    
   84.10       1.086    
   84.20       1.079    
   84.30       1.072    
   84.40       1.065    
   84.50       1.058    
   84.60       1.051    
   84.70       1.044    
   84.80       1.037    
   84.90       1.030    
   85.00       1.023    
   85.10       1.016    
   85.20       1.010    
   85.30       1.003    
   85.40      0.9961    
   85.50      0.9895    
   85.60      0.9828    
   85.70      0.9762    
   85.80      0.9696    
   85.90      0.9630    
   86.00      0.9565    
   86.10      0.9500    
   86.20      0.9435    
   86.30      0.9371    
   86.40      0.9307    
   86.50      0.9243    
   86.60      0.9180    
   86.70      0.9117    
   86.80      0.9055    
   86.90      0.8993    
   87.00      0.8931    
   87.10      0.8870    
   87.20      0.8808    
   87.30      0.8748    
   87.40      0.8687    
   87.50      0.8628    
   87.60      0.8568    
   87.70      0.8509    
   87.80      0.8450    
   87.90      0.8392    
   88.00      0.8334    
   88.10      0.8276    
   88.20      0.8219    
   88.30      0.8162    
   88.40      0.8105    
   88.50      0.8049    
   88.60      0.7994    
   88.70      0.7938    
   88.80      0.7883    
   88.90      0.7829    
   89.00      0.7775    
   89.10      0.7721    
   89.20      0.7668    
   89.30      0.7615    
   89.40      0.7562    
   89.50      0.7510    
   89.60      0.7459    
   89.70      0.7408    
   89.80      0.7357    
   89.90      0.7306    
   90.00      0.7256    
   90.10      0.7207    
   90.20      0.7157    
   90.30      0.7109    
   90.40      0.7060    
   90.50      0.7012    
   90.60      0.6965    
   90.70      0.6918    
   90.80      0.6871    
   90.90      0.6825    
   91.00      0.6779    
   91.10      0.6734    
   91.20      0.6689    
   91.30      0.6644    
   91.40      0.6600    
   91.50      0.6556    
   91.60      0.6513    
   91.70      0.6470    
   91.80      0.6427    
   91.90      0.6385    
   92.00      0.6344    
   92.10      0.6303    
   92.20      0.6262    
   92.30      0.6221    
   92.40      0.6181    
   92.50      0.6142    
   92.60      0.6103    
   92.70      0.6064    
   92.80      0.6026    
   92.90      0.5988    
   93.00      0.5951    
   93.10      0.5914    
   93.20      0.5877    
   93.30      0.5841    
   93.40      0.5805    
   93.50      0.5770    
   93.60      0.5735    
   93.70      0.5701    
   93.80      0.5667    
   93.90      0.5633    
   94.00      0.5600    
   94.10      0.5567    
   94.20      0.5535    
   94.30      0.5503    
   94.40      0.5471    
   94.50      0.5440    
   94.60      0.5409    
   94.70      0.5379    
   94.80      0.5349    
   94.90      0.5319    
   95.00      0.5290    
   95.10      0.5262    
   95.20      0.5233    
   95.30      0.5206    
   95.40      0.5178    
   95.50      0.5151    
   95.60      0.5124    
   95.70      0.5098    
   95.80      0.5072    
   95.90      0.5047    
   96.00      0.5022    
   96.10      0.4997    
   96.20      0.4973    
   96.30      0.4949    
   96.40      0.4925    
   96.50      0.4902    
   96.60      0.4880    
   96.70      0.4857    
   96.80      0.4835    
   96.90      0.4814    
   97.00      0.4793    
   97.10      0.4772    
   97.20      0.4752    
   97.30      0.4732    
   97.40      0.4712    
   97.50      0.4693    
   97.60      0.4674    
   97.70      0.4655    
   97.80      0.4637    
   97.90      0.4619    
   98.00      0.4602    
   98.10      0.4585    
   98.20      0.4568    
   98.30      0.4552    
   98.40      0.4536    
   98.50      0.4521    
   98.60      0.4505    
   98.70      0.4490    
   98.80      0.4476    
   98.90      0.4462    
   99.00      0.4448    
   99.10      0.4435    
   99.20      0.4422    
   99.30      0.4409    
   99.40      0.4396    
   99.50      0.4384    
   99.60      0.4373    
   99.70      0.4361    
   99.80      0.4350    
   99.90      0.4339    
   100.0      0.4329    
   100.1      0.4319    
   100.2      0.4309    
   100.3      0.4300    
   100.4      0.4291    
   100.5      0.4282    
   100.6      0.4274    
   100.7      0.4266    
   100.8      0.4258    
   100.9      0.4250    
   101.0      0.4243    
   101.1      0.4236    
   101.2      0.4230    
   101.3      0.4224    
   101.4      0.4218    
   101.5      0.4212    
   101.6      0.4207    
   101.7      0.4202    
   101.8      0.4197    
   101.9      0.4193    
   102.0      0.4189    
   102.1      0.4185    
   102.2      0.4181    
   102.3      0.4178    
   102.4      0.4175    
   102.5      0.4172    
   102.6      0.4170    
   102.7      0.4168    
   102.8      0.4166    
   102.9      0.4164    
   103.0      0.4163    
   103.1      0.4162    
   103.2      0.4161    
   103.3      0.4161    
   103.4      0.4161    
   103.5      0.4161    
   103.6      0.4161    
   103.7      0.4161    
   103.8      0.4162    
   103.9      0.4163    
   104.0      0.4164    
   104.1      0.4166    
   104.2      0.4168    
   104.3      0.4170    
   104.4      0.4172    
   104.5      0.4175    
   104.6      0.4177    
   104.7      0.4180    
   104.8      0.4183    
   104.9      0.4187    
   105.0      0.4190    
   105.1      0.4194    
   105.2      0.4198    
   105.3      0.4203    
   105.4      0.4207    
   105.5      0.4212    
   105.6      0.4217    
   105.7      0.4222    
   105.8      0.4228    
   105.9      0.4233    
   106.0      0.4239    
   106.1      0.4245    
   106.2      0.4251    
   106.3      0.4258    
   106.4      0.4264    
   106.5      0.4271    
   106.6      0.4278    
   106.7      0.4285    
   106.8      0.4292    
   106.9      0.4300    
   107.0      0.4308    
   107.1      0.4316    
   107.2      0.4324    
   107.3      0.4332    
   107.4      0.4340    
   107.5      0.4349    
   107.6      0.4358    
   107.7      0.4367    
   107.8      0.4376    
   107.9      0.4385    
   108.0      0.4394    
   108.1      0.4404    
   108.2      0.4414    
   108.3      0.4424    
   108.4      0.4434    
   108.5      0.4444    
   108.6      0.4454    
   108.7      0.4465    
   108.8      0.4475    
   108.9      0.4486    
   109.0      0.4497    
   109.1      0.4508    
   109.2      0.4519    
   109.3      0.4530    
   109.4      0.4542    
   109.5      0.4553    
   109.6      0.4565    
   109.7      0.4577    
   109.8      0.4589    
   109.9      0.4601    
   110.0      0.4613    
   110.1      0.4625    
   110.2      0.4638    
   110.3      0.4650    
   110.4      0.4663    
   110.5      0.4676    
   110.6      0.4688    
   110.7      0.4701    
   110.8      0.4714    
   110.9      0.4728    
   111.0      0.4741    
   111.1      0.4754    
   111.2      0.4768    
   111.3      0.4781    
   111.4      0.4795    
   111.5      0.4808    
   111.6      0.4822    
   111.7      0.4836    
   111.8      0.4850    
   111.9      0.4864    
   112.0      0.4878    
   112.1      0.4892    
   112.2      0.4907    
   112.3      0.4921    
   112.4      0.4935    
   112.5      0.4950    
   112.6      0.4964    
   112.7      0.4979    
   112.8      0.4994    
   112.9      0.5008    
   113.0      0.5023    
   113.1      0.5038    
   113.2      0.5053    
   113.3      0.5068    
   113.4      0.5083    
   113.5      0.5098    
   113.6      0.5113    
   113.7      0.5128    
   113.8      0.5143    
   113.9      0.5159    
   114.0      0.5174    
   114.1      0.5189    
   114.2      0.5204    
   114.3      0.5220    
   114.4      0.5235    
   114.5      0.5251    
   114.6      0.5266    
   114.7      0.5282    
   114.8      0.5297    
   114.9      0.5313    
   115.0      0.5329    
   115.1      0.5344    
   115.2      0.5360    
   115.3      0.5376    
   115.4      0.5391    
   115.5      0.5407    
   115.6      0.5423    
   115.7      0.5439    
   115.8      0.5454    
   115.9      0.5470    
   116.0      0.5486    
   116.1      0.5502    
   116.2      0.5518    
   116.3      0.5533    
   116.4      0.5549    
   116.5      0.5565    
   116.6      0.5581    
   116.7      0.5597    
   116.8      0.5613    
   116.9      0.5628    
   117.0      0.5644    
   117.1      0.5660    
   117.2      0.5676    
   117.3      0.5692    
   117.4      0.5708    
   117.5      0.5723    
   117.6      0.5739    
   117.7      0.5755    
   117.8      0.5771    
   117.9      0.5786    
   118.0      0.5802    
   118.1      0.5818    
   118.2      0.5834    
   118.3      0.5849    
   118.4      0.5865    
   118.5      0.5881    
   118.6      0.5896    
   118.7      0.5912    
   118.8      0.5928    
   118.9      0.5943    
   119.0      0.5959    
   119.1      0.5974    
   119.2      0.5990    
   119.3      0.6005    
   119.4      0.6020    
   119.5      0.6036    
   119.6      0.6051    
   119.7      0.6067    
   119.8      0.6082    
   119.9      0.6097    
   120.0      0.6112    
   120.1      0.6127    
   120.2      0.6143    
   120.3      0.6158    
   120.4      0.6173    
   120.5      0.6188    
   120.6      0.6203    
   120.7      0.6218    
   120.8      0.6233    
   120.9      0.6247    
   121.0      0.6262    
   121.1      0.6277    
   121.2      0.6292    
   121.3      0.6306    
   121.4      0.6321    
   121.5      0.6336    
   121.6      0.6350    
   121.7      0.6365    
   121.8      0.6379    
   121.9      0.6393    
   122.0      0.6408    
   122.1      0.6422    
   122.2      0.6436    
   122.3      0.6450    
   122.4      0.6465    
   122.5      0.6479    
   122.6      0.6493    
   122.7      0.6506    
   122.8      0.6520    
   122.9      0.6534    
   123.0      0.6548    
   123.1      0.6562    
   123.2      0.6575    
   123.3      0.6589    
   123.4      0.6602    
   123.5      0.6616    
   123.6      0.6629    
   123.7      0.6643    
   123.8      0.6656    
   123.9      0.6669    
   124.0      0.6682    
   124.1      0.6695    
   124.2      0.6708    
   124.3      0.6721    
   124.4      0.6734    
   124.5      0.6747    
   124.6      0.6760    
   124.7      0.6772    
   124.8      0.6785    
   124.9      0.6798    
   125.0      0.6810    
   125.1      0.6822    
   125.2      0.6835    
   125.3      0.6847    
   125.4      0.6859    
   125.5      0.6871    
   125.6      0.6883    
   125.7      0.6895    
   125.8      0.6907    
   125.9      0.6919    
   126.0      0.6931    
   126.1      0.6943    
   126.2      0.6954    
   126.3      0.6966    
   126.4      0.6977    
   126.5      0.6989    
   126.6      0.7000    
   126.7      0.7011    
   126.8      0.7023    
   126.9      0.7034    
   127.0      0.7045    
   127.1      0.7056    
   127.2      0.7067    
   127.3      0.7078    
   127.4      0.7088    
   127.5      0.7099    
   127.6      0.7110    
   127.7      0.7120    
   127.8      0.7131    
   127.9      0.7141    
   128.0      0.7151    
   128.1      0.7161    
   128.2      0.7172    
   128.3      0.7182    
   128.4      0.7192    
   128.5      0.7202    
   128.6      0.7211    
   128.7      0.7221    
   128.8      0.7231    
   128.9      0.7240    
   129.0      0.7250    
   129.1      0.7259    
   129.2      0.7269    
   129.3      0.7278    
   129.4      0.7287    
   129.5      0.7297    
   129.6      0.7306    
   129.7      0.7315    
   129.8      0.7323    
   129.9      0.7332    
   130.0      0.7341    
   130.1      0.7350    
   130.2      0.7358    
   130.3      0.7367    
   130.4      0.7375    
   130.5      0.7384    
   130.6      0.7392    
   130.7      0.7400    
   130.8      0.7408    
   130.9      0.7417    
   131.0      0.7425    
   131.1      0.7432    
   131.2      0.7440    
   131.3      0.7448    
   131.4      0.7456    
   131.5      0.7463    
   131.6      0.7471    
   131.7      0.7478    
   131.8      0.7486    
   131.9      0.7493    
   132.0      0.7500    
   132.1      0.7507    
   132.2      0.7515    
   132.3      0.7522    
   132.4      0.7528    
   132.5      0.7535    
   132.6      0.7542    
   132.7      0.7549    
   132.8      0.7555    
   132.9      0.7562    
   133.0      0.7568    
   133.1      0.7575    
   133.2      0.7581    
   133.3      0.7587    
   133.4      0.7594    
   133.5      0.7600    
   133.6      0.7606    
   133.7      0.7612    
   133.8      0.7618    
   133.9      0.7623    
   134.0      0.7629    
   134.1      0.7635    
   134.2      0.7640    
   134.3      0.7646    
   134.4      0.7651    
   134.5      0.7657    
   134.6      0.7662    
   134.7      0.7667    
   134.8      0.7673    
   134.9      0.7678    
   135.0      0.7683    
   135.1      0.7688    
   135.2      0.7692    
   135.3      0.7697    
   135.4      0.7702    
   135.5      0.7707    
   135.6      0.7711    
   135.7      0.7716    
   135.8      0.7720    
   135.9      0.7725    
   136.0      0.7729    
   136.1      0.7733    
   136.2      0.7737    
   136.3      0.7742    
   136.4      0.7746    
   136.5      0.7750    
   136.6      0.7753    
   136.7      0.7757    
   136.8      0.7761    
   136.9      0.7765    
   137.0      0.7768    
   137.1      0.7772    
   137.2      0.7776    
   137.3      0.7779    
   137.4      0.7782    
   137.5      0.7786    
   137.6      0.7789    
   137.7      0.7792    
   137.8      0.7795    
   137.9      0.7798    
   138.0      0.7801    
   138.1      0.7804    
   138.2      0.7807    
   138.3      0.7810    
   138.4      0.7813    
   138.5      0.7815    
   138.6      0.7818    
   138.7      0.7820    
   138.8      0.7823    
   138.9      0.7825    
   139.0      0.7828    
   139.1      0.7830    
   139.2      0.7832    
   139.3      0.7834    
   139.4      0.7837    
   139.5      0.7839    
   139.6      0.7841    
   139.7      0.7843    
   139.8      0.7845    
   139.9      0.7846    
   140.0      0.7848    
   140.1      0.7850    
   140.2      0.7851    
   140.3      0.7853    
   140.4      0.7855    
   140.5      0.7856    
   140.6      0.7858    
   140.7      0.7859    
   140.8      0.7860    
   140.9      0.7861    
   141.0      0.7863    
   141.1      0.7864    
   141.2      0.7865    
   141.3      0.7866    
   141.4      0.7867    
   141.5      0.7868    
   141.6      0.7869    
   141.7      0.7870    
   141.8      0.7870    
   141.9      0.7871    
   142.0      0.7872    
   142.1      0.7872    
   142.2      0.7873    
   142.3      0.7873    
   142.4      0.7874    
   142.5      0.7874    
   142.6      0.7874    
   142.7      0.7875    
   142.8      0.7875    
   142.9      0.7875    
   143.0      0.7875    
   143.1      0.7875    
   143.2      0.7876    
   143.3      0.7876    
   143.4      0.7875    
   143.5      0.7875    
   143.6      0.7875    
   143.7      0.7875    
   143.8      0.7875    
   143.9      0.7874    
   144.0      0.7874    
   144.1      0.7874    
   144.2      0.7873    
   144.3      0.7873    
   144.4      0.7872    
   144.5      0.7872    
   144.6      0.7871    
   144.7      0.7870    
   144.8      0.7870    
   144.9      0.7869    
   145.0      0.7868    
   145.1      0.7867    
   145.2      0.7867    
   145.3      0.7866    
   145.4      0.7865    
   145.5      0.7864    
   145.6      0.7863    
   145.7      0.7861    
   145.8      0.7860    
   145.9      0.7859    
   146.0      0.7858    
   146.1      0.7857    
   146.2      0.7855    
   146.3      0.7854    
   146.4      0.7853    
   146.5      0.7851    
   146.6      0.7850    
   146.7      0.7848    
   146.8      0.7847    
   146.9      0.7845    
   147.0      0.7844    
   147.1      0.7842    
   147.2      0.7840    
   147.3      0.7838    
   147.4      0.7837    
   147.5      0.7835    
   147.6      0.7833    
   147.7      0.7831    
   147.8      0.7829    
   147.9      0.7827    
   148.0      0.7825    
   148.1      0.7823    
   148.2      0.7821    
   148.3      0.7819    
   148.4      0.7817    
   148.5      0.7815    
   148.6      0.7813    
   148.7      0.7811    
   148.8      0.7808    
   148.9      0.7806    
   149.0      0.7804    
   149.1      0.7801    
   149.2      0.7799    
   149.3      0.7796    
   149.4      0.7794    
   149.5      0.7792    
   149.6      0.7789    
   149.7      0.7786    
   149.8      0.7784    
   149.9      0.7781    
   150.0      0.7779    
   150.1      0.7776    
   150.2      0.7773    
   150.3      0.7771    
   150.4      0.7768    
   150.5      0.7765    
   150.6      0.7762    
   150.7      0.7759    
   150.8      0.7757    
   150.9      0.7754    
   151.0      0.7751    
   151.1      0.7748    
   151.2      0.7745    
   151.3      0.7742    
   151.4      0.7739    
   151.5      0.7736    
   151.6      0.7733    
   151.7      0.7730    
   151.8      0.7726    
   151.9      0.7723    
   152.0      0.7720    
   152.1      0.7717    
   152.2      0.7714    
   152.3      0.7710    
   152.4      0.7707    
   152.5      0.7704    
   152.6      0.7701    
   152.7      0.7697    
   152.8      0.7694    
   152.9      0.7690    
   153.0      0.7687    
   153.1      0.7684    
   153.2      0.7680    
   153.3      0.7677    
   153.4      0.7673    
   153.5      0.7670    
   153.6      0.7666    
   153.7      0.7663    
   153.8      0.7659    
   153.9      0.7655    
   154.0      0.7652    
   154.1      0.7648    
   154.2      0.7645    
   154.3      0.7641    
   154.4      0.7637    
   154.5      0.7634    
   154.6      0.7630    
   154.7      0.7626    
   154.8      0.7622    
   154.9      0.7619    
   155.0      0.7615    
   155.1      0.7611    
   155.2      0.7607    
   155.3      0.7603    
   155.4      0.7599    
   155.5      0.7596    
   155.6      0.7592    
   155.7      0.7588    
   155.8      0.7584    
   155.9      0.7580    
   156.0      0.7576    
   156.1      0.7572    
   156.2      0.7568    
   156.3      0.7564    
   156.4      0.7560    
   156.5      0.7556    
   156.6      0.7552    
   156.7      0.7548    
   156.8      0.7544    
   156.9      0.7540    
   157.0      0.7536    
   157.1      0.7532    
   157.2      0.7528    
   157.3      0.7524    
   157.4      0.7520    
   157.5      0.7516    
   157.6      0.7512    
   157.7      0.7508    
   157.8      0.7503    
   157.9      0.7499    
   158.0      0.7495    
   158.1      0.7491    
   158.2      0.7487    
   158.3      0.7483    
   158.4      0.7479    
   158.5      0.7474    
   158.6      0.7470    
   158.7      0.7466    
   158.8      0.7462    
   158.9      0.7458    
   159.0      0.7454    
   159.1      0.7449    
   159.2      0.7445    
   159.3      0.7441    
   159.4      0.7437    
   159.5      0.7432    
   159.6      0.7428    
   159.7      0.7424    
   159.8      0.7420    
   159.9      0.7416    
   160.0      0.7411    
   160.1      0.7407    
   160.2      0.7403    
   160.3      0.7399    
   160.4      0.7394    
   160.5      0.7390    
   160.6      0.7386    
   160.7      0.7382    
   160.8      0.7377    
   160.9      0.7373    
   161.0      0.7369    
   161.1      0.7365    
   161.2      0.7360    
   161.3      0.7356    
   161.4      0.7352    
   161.5      0.7348    
   161.6      0.7343    
   161.7      0.7339    
   161.8      0.7335    
   161.9      0.7331    
   162.0      0.7327    
   162.1      0.7322    
   162.2      0.7318    
   162.3      0.7314    
   162.4      0.7310    
   162.5      0.7306    
   162.6      0.7301    
   162.7      0.7297    
   162.8      0.7293    
   162.9      0.7289    
   163.0      0.7285    
   163.1      0.7280    
   163.2      0.7276    
   163.3      0.7272    
   163.4      0.7268    
   163.5      0.7264    
   163.6      0.7260    
   163.7      0.7256    
   163.8      0.7251    
   163.9      0.7247    
   164.0      0.7243    
   164.1      0.7239    
   164.2      0.7235    
   164.3      0.7231    
   164.4      0.7227    
   164.5      0.7223    
   164.6      0.7219    
   164.7      0.7215    
   164.8      0.7211    
   164.9      0.7207    
   165.0      0.7203    
   165.1      0.7199    
   165.2      0.7195    
   165.3      0.7191    
   165.4      0.7187    
   165.5      0.7183    
   165.6      0.7179    
   165.7      0.7175    
   165.8      0.7171    
   165.9      0.7167    
   166.0      0.7163    
   166.1      0.7160    
   166.2      0.7156    
   166.3      0.7152    
   166.4      0.7148    
   166.5      0.7144    
   166.6      0.7141    
   166.7      0.7137    
   166.8      0.7133    
   166.9      0.7129    
   167.0      0.7126    
   167.1      0.7122    
   167.2      0.7118    
   167.3      0.7115    
   167.4      0.7111    
   167.5      0.7107    
   167.6      0.7104    
   167.7      0.7100    
   167.8      0.7096    
   167.9      0.7093    
   168.0      0.7089    
   168.1      0.7086    
   168.2      0.7082    
   168.3      0.7079    
   168.4      0.7075    
   168.5      0.7072    
   168.6      0.7069    
   168.7      0.7065    
   168.8      0.7062    
   168.9      0.7058    
   169.0      0.7055    
   169.1      0.7052    
   169.2      0.7048    
   169.3      0.7045    
   169.4      0.7042    
   169.5      0.7039    
   169.6      0.7035    
   169.7      0.7032    
   169.8      0.7029    
   169.9      0.7026    
   170.0      0.7023    
   170.1      0.7020    
   170.2      0.7017    
   170.3      0.7014    
   170.4      0.7011    
   170.5      0.7008    
   170.6      0.7005    
   170.7      0.7002    
   170.8      0.6999    
   170.9      0.6996    
   171.0      0.6993    
   171.1      0.6990    
   171.2      0.6987    
   171.3      0.6985    
   171.4      0.6982    
   171.5      0.6979    
   171.6      0.6976    
   171.7      0.6974    
   171.8      0.6971    
   171.9      0.6968    
   172.0      0.6966    
   172.1      0.6963    
   172.2      0.6961    
   172.3      0.6958    
   172.4      0.6956    
   172.5      0.6953    
   172.6      0.6951    
   172.7      0.6948    
   172.8      0.6946    
   172.9      0.6944    
   173.0      0.6941    
   173.1      0.6939    
   173.2      0.6937    
   173.3      0.6934    
   173.4      0.6932    
   173.5      0.6930    
   173.6      0.6928    
   173.7      0.6926    
   173.8      0.6924    
   173.9      0.6922    
   174.0      0.6920    
   174.1      0.6918    
   174.2      0.6916    
   174.3      0.6914    
   174.4      0.6912    
   174.5      0.6910    
   174.6      0.6908    
   174.7      0.6906    
   174.8      0.6904    
   174.9      0.6903    
   175.0      0.6901    
   175.1      0.6899    
   175.2      0.6898    
   175.3      0.6896    
   175.4      0.6894    
   175.5      0.6893    
   175.6      0.6891    
   175.7      0.6890    
   175.8      0.6888    
   175.9      0.6887    
   176.0      0.6886    
   176.1      0.6884    
   176.2      0.6883    
   176.3      0.6882    
   176.4      0.6880    
   176.5      0.6879    
   176.6      0.6878    
   176.7      0.6877    
   176.8      0.6876    
   176.9      0.6875    
   177.0      0.6874    
   177.1      0.6873    
   177.2      0.6872    
   177.3      0.6871    
   177.4      0.6870    
   177.5      0.6869    
   177.6      0.6868    
   177.7      0.6867    
   177.8      0.6866    
   177.9      0.6866    
   178.0      0.6865    
   178.1      0.6864    
   178.2      0.6864    
   178.3      0.6863    
   178.4      0.6862    
   178.5      0.6862    
   178.6      0.6861    
   178.7      0.6861    
   178.8      0.6860    
   178.9      0.6860    
   179.0      0.6860    
   179.1      0.6859    
   179.2      0.6859    
   179.3      0.6859    
   179.4      0.6859    
   179.5      0.6858    
   179.6      0.6858    
   179.7      0.6858    
   179.8      0.6858    
   179.9      0.6858    
   180.0      0.6858    
 END
