# 181 angles,  1 tensor ranks for 0=projectile
@subtitle   "Xu 2018 Global Fit"                                                            
@legend ON
@legend x1 0.2
@legend y1 0.8
@g0 type LOGY
@legend string  0 "Lab energy =   20.0000"
#legend string  0 "Partition=  1 Excit=  1 near/far= 1"
#  Theta       sigma       iT11        T20         T21         T22         Kyy for projectile
  0.1000E-01   1.000    
   1.000       1.002    
   2.000      0.9906    
   3.000      0.9604    
   4.000       1.039    
   5.000       1.123    
   6.000       1.121    
   7.000       1.046    
   8.000      0.9574    
   9.000      0.9036    
   10.00      0.8951    
   11.00      0.9112    
   12.00      0.9192    
   13.00      0.8917    
   14.00      0.8169    
   15.00      0.7010    
   16.00      0.5631    
   17.00      0.4282    
   18.00      0.3189    
   19.00      0.2496    
   20.00      0.2244    
   21.00      0.2366    
   22.00      0.2722    
   23.00      0.3140    
   24.00      0.3455    
   25.00      0.3552    
   26.00      0.3378    
   27.00      0.2949    
   28.00      0.2341    
   29.00      0.1662    
   30.00      0.1031    
   31.00      0.5482E-01
   32.00      0.2780E-01
   33.00      0.2403E-01
   34.00      0.4106E-01
   35.00      0.7291E-01
   36.00      0.1116    
   37.00      0.1486    
   38.00      0.1769    
   39.00      0.1916    
   40.00      0.1909    
   41.00      0.1757    
   42.00      0.1497    
   43.00      0.1178    
   44.00      0.8583E-01
   45.00      0.5889E-01
   46.00      0.4096E-01
   47.00      0.3426E-01
   48.00      0.3904E-01
   49.00      0.5378E-01
   50.00      0.7558E-01
   51.00      0.1007    
   52.00      0.1254    
   53.00      0.1462    
   54.00      0.1607    
   55.00      0.1673    
   56.00      0.1661    
   57.00      0.1577    
   58.00      0.1439    
   59.00      0.1265    
   60.00      0.1074    
   61.00      0.8835E-01
   62.00      0.7049E-01
   63.00      0.5457E-01
   64.00      0.4097E-01
   65.00      0.2975E-01
   66.00      0.2088E-01
   67.00      0.1429E-01
   68.00      0.9915E-02
   69.00      0.7655E-02
   70.00      0.7320E-02
   71.00      0.8544E-02
   72.00      0.1076E-01
   73.00      0.1322E-01
   74.00      0.1515E-01
   75.00      0.1592E-01
   76.00      0.1523E-01
   77.00      0.1331E-01
   78.00      0.1098E-01
   79.00      0.9636E-02
   80.00      0.1101E-01
   81.00      0.1689E-01
   82.00      0.2872E-01
   83.00      0.4722E-01
   84.00      0.7213E-01
   85.00      0.1020    
   86.00      0.1345    
   87.00      0.1664    
   88.00      0.1941    
   89.00      0.2147    
   90.00      0.2258    
   91.00      0.2265    
   92.00      0.2175    
   93.00      0.2011    
   94.00      0.1810    
   95.00      0.1617    
   96.00      0.1479    
   97.00      0.1438    
   98.00      0.1525    
   99.00      0.1750    
   100.0      0.2104    
   101.0      0.2557    
   102.0      0.3060    
   103.0      0.3554    
   104.0      0.3977    
   105.0      0.4270    
   106.0      0.4393    
   107.0      0.4324    
   108.0      0.4069    
   109.0      0.3660    
   110.0      0.3150    
   111.0      0.2611    
   112.0      0.2118    
   113.0      0.1740    
   114.0      0.1534    
   115.0      0.1529    
   116.0      0.1728    
   117.0      0.2102    
   118.0      0.2599    
   119.0      0.3144    
   120.0      0.3656    
   121.0      0.4056    
   122.0      0.4282    
   123.0      0.4291    
   124.0      0.4073    
   125.0      0.3647    
   126.0      0.3060    
   127.0      0.2381    
   128.0      0.1693    
   129.0      0.1079    
   130.0      0.6146E-01
   131.0      0.3566E-01
   132.0      0.3384E-01
   133.0      0.5649E-01
   134.0      0.1013    
   135.0      0.1633    
   136.0      0.2355    
   137.0      0.3098    
   138.0      0.3775    
   139.0      0.4304    
   140.0      0.4620    
   141.0      0.4678    
   142.0      0.4464    
   143.0      0.3993    
   144.0      0.3317    
   145.0      0.2511    
   146.0      0.1675    
   147.0      0.9160E-01
   148.0      0.3409E-01
   149.0      0.4116E-02
   150.0      0.8211E-02
   151.0      0.4939E-01
   152.0      0.1266    
   153.0      0.2347    
   154.0      0.3647    
   155.0      0.5044    
   156.0      0.6398    
   157.0      0.7559    
   158.0      0.8389    
   159.0      0.8771    
   160.0      0.8631    
   161.0      0.7947    
   162.0      0.6765    
   163.0      0.5205    
   164.0      0.3461    
   165.0      0.1798    
   166.0      0.5296E-01
   167.0      0.1556E-03
   168.0      0.5510E-01
   169.0      0.2469    
   170.0      0.5956    
   171.0       1.109    
   172.0       1.777    
   173.0       2.575    
   174.0       3.461    
   175.0       4.376    
   176.0       5.256    
   177.0       6.031    
   178.0       6.639    
   179.0       7.026    
   180.0       7.159    
 END
