    0.5+     0 1   3.100       0.000    
    0.5+     2 2   3.100       0.000    
    0.5-     1 1   3.101       0.000    
    0.5-     1 2   3.101       0.000    
    1.5+     0 1   6.199       0.000    
    1.5+     2 2   6.200       0.000    
    1.5+     2 3   6.200       0.000    
    1.5-     1 1   6.202       0.000    
    1.5-     1 2   6.202       0.000    
    1.5-     3 3   6.204       0.000    
    2.5+     2 1   9.300       0.000    
    2.5+     2 2   9.300       0.000    
    2.5+     4 3   9.304       0.000    
    2.5-     1 1   9.302       0.000    
    2.5-     3 2   9.306       0.000    
    2.5-     3 3   9.306       0.000    
    3.5+     2 1   12.40       0.000    
    3.5+     4 2   12.41       0.000    
    3.5+     4 3   12.41       0.000    
    3.5-     3 1   12.41       0.000    
    3.5-     3 2   12.41       0.000    
    3.5-     5 3   12.42       0.000    
    4.5+     4 1   15.51       0.000    
    4.5+     4 2   15.51       0.000    
    4.5+     6 3   15.51       0.000    
    4.5-     3 1   15.51       0.000    
    4.5-     5 2   15.53       0.000    
    4.5-     5 3   15.53       0.000    
    5.5+     4 1   18.61       0.000    
    5.5+     6 2   18.61       0.000    
    5.5+     6 3   18.61       0.000    
    5.5-     5 1   18.63       0.000    
    5.5-     5 2   18.63       0.000    
    5.5-     7 3   18.68       0.000    
    6.5+     6 1   21.72       0.000    
    6.5+     6 2   21.72       0.000    
    6.5+     8 3   21.70       0.000    
    6.5-     5 1   21.74       0.000    
    6.5-     7 2   21.79       0.000    
    6.5-     7 3   21.79       0.000    
    7.5+     6 1   24.82       0.000    
    7.5+     8 2   24.80       0.000    
    7.5+     8 3   24.80       0.000    
    7.5-     7 1   24.90       0.000    
    7.5-     7 2   24.90       0.000    
    7.5-     9 3   24.95       0.000    
    8.5+     8 1   27.90       0.000    
    8.5+     8 2   27.90       0.000    
    8.5+    10 3   27.93       0.000    
    8.5-     7 1   28.01       0.000    
    8.5-     9 2   28.07       0.000    
    8.5-     9 3   28.07       0.000    
    9.5+     8 1   31.00       0.000    
    9.5+    10 2   31.03       0.000    
    9.5+    10 3   31.03       0.000    
    9.5-     9 1   31.18       0.000    
    9.5-     9 2   31.18       0.000    
    9.5-    11 3   26.68       0.000    
   10.5+    10 1   34.13       0.000    
   10.5+    10 2   34.13       0.000    
   10.5+    12 3   17.34       0.000    
   10.5-     9 1   34.30       0.000    
   10.5-    11 2   29.35       0.000    
   10.5-    11 3   29.35       0.000    
   11.5+    10 1   37.24       0.000    
   11.5+    12 2   18.92       0.000    
   11.5+    12 3   18.92       0.000    
   11.5-    11 1   32.02       0.000    
   11.5-    11 2   32.02       0.000    
   11.5-    13 3   3.715       0.000    
   12.5+    12 1   20.50       0.000    
   12.5+    12 2   20.50       0.000    
   12.5+    14 3  0.7670       0.000    
   12.5-    11 1   34.68       0.000    
   12.5-    13 2   4.024       0.000    
   12.5-    13 3   4.024       0.000    
   13.5+    12 1   22.07       0.000    
   13.5+    14 2  0.8260       0.000    
   13.5+    14 3  0.8260       0.000    
   13.5-    13 1   4.334       0.000    
   13.5-    13 2   4.334       0.000    
   13.5-    15 3  0.2981       0.000    
   14.5+    14 1  0.8850       0.000    
   14.5+    14 2  0.8850       0.000    
   14.5+    16 3  0.1398       0.000    
   14.5-    13 1   4.643       0.000    
   14.5-    15 2  0.3194       0.000    
   14.5-    15 3  0.3194       0.000    
   15.5+    14 1  0.9440       0.000    
   15.5+    16 2  0.1491       0.000    
   15.5+    16 3  0.1491       0.000    
   15.5-    15 1  0.3407       0.000    
   15.5-    15 2  0.3407       0.000    
   15.5-    17 3  0.6931E-01   0.000    
   16.5+    16 1  0.1584       0.000    
   16.5+    16 2  0.1584       0.000    
   16.5+    18 3  0.3506E-01   0.000    
   16.5-    15 1  0.3620       0.000    
   16.5-    17 2  0.7364E-01   0.000    
   16.5-    17 3  0.7364E-01   0.000    
   17.5+    16 1  0.1677       0.000    
   17.5+    18 2  0.3712E-01   0.000    
   17.5+    18 3  0.3712E-01   0.000    
   17.5-    17 1  0.7797E-01   0.000    
   17.5-    17 2  0.7797E-01   0.000    
   17.5-    19 3  0.1787E-01   0.000    
   18.5+    18 1  0.3918E-01   0.000    
   18.5+    18 2  0.3918E-01   0.000    
   18.5+    20 3  0.9137E-02   0.000    
   18.5-    17 1  0.8231E-01   0.000    
   18.5-    19 2  0.1887E-01   0.000    
   18.5-    19 3  0.1887E-01   0.000    
   19.5+    18 1  0.4124E-01   0.000    
   19.5+    20 2  0.9618E-02   0.000    
   19.5+    20 3  0.9618E-02   0.000    
