# 900 angles,  1 tensor ranks for 0=projectile
@subtitle   "Search for spectroscopic factor"                                               
@legend ON
@legend x1 0.2
@legend y1 0.8
@g0 type LOGY
@legend string  0 "Lab energy =   34.0000"
#legend string  0 "Partition=  2 Excit=  1 near/far= 1"
#  Theta       sigma       iT11        T20         T21         T22         Kyy for projectile
  0.1000       23.38    
  0.2000       23.38    
  0.3000       23.37    
  0.4000       23.37    
  0.5000       23.36    
  0.6000       23.35    
  0.7000       23.34    
  0.8000       23.33    
  0.9000       23.31    
   1.000       23.29    
   1.100       23.28    
   1.200       23.26    
   1.300       23.23    
   1.400       23.21    
   1.500       23.19    
   1.600       23.16    
   1.700       23.13    
   1.800       23.10    
   1.900       23.07    
   2.000       23.04    
   2.100       23.00    
   2.200       22.97    
   2.300       22.93    
   2.400       22.89    
   2.500       22.85    
   2.600       22.81    
   2.700       22.77    
   2.800       22.72    
   2.900       22.68    
   3.000       22.63    
   3.100       22.58    
   3.200       22.53    
   3.300       22.48    
   3.400       22.43    
   3.500       22.38    
   3.600       22.32    
   3.700       22.27    
   3.800       22.21    
   3.900       22.15    
   4.000       22.10    
   4.100       22.04    
   4.200       21.97    
   4.300       21.91    
   4.400       21.85    
   4.500       21.79    
   4.600       21.72    
   4.700       21.65    
   4.800       21.59    
   4.900       21.52    
   5.000       21.45    
   5.100       21.38    
   5.200       21.31    
   5.300       21.24    
   5.400       21.17    
   5.500       21.10    
   5.600       21.02    
   5.700       20.95    
   5.800       20.88    
   5.900       20.80    
   6.000       20.72    
   6.100       20.65    
   6.200       20.57    
   6.300       20.49    
   6.400       20.41    
   6.500       20.34    
   6.600       20.26    
   6.700       20.18    
   6.800       20.10    
   6.900       20.02    
   7.000       19.94    
   7.100       19.85    
   7.200       19.77    
   7.300       19.69    
   7.400       19.61    
   7.500       19.53    
   7.600       19.44    
   7.700       19.36    
   7.800       19.28    
   7.900       19.20    
   8.000       19.11    
   8.100       19.03    
   8.200       18.95    
   8.300       18.86    
   8.400       18.78    
   8.500       18.70    
   8.600       18.61    
   8.700       18.53    
   8.800       18.45    
   8.900       18.37    
   9.000       18.28    
   9.100       18.20    
   9.200       18.12    
   9.300       18.04    
   9.400       17.96    
   9.500       17.88    
   9.600       17.80    
   9.700       17.72    
   9.800       17.64    
   9.900       17.56    
   10.00       17.48    
   10.10       17.40    
   10.20       17.33    
   10.30       17.25    
   10.40       17.18    
   10.50       17.10    
   10.60       17.03    
   10.70       16.95    
   10.80       16.88    
   10.90       16.81    
   11.00       16.74    
   11.10       16.67    
   11.20       16.60    
   11.30       16.53    
   11.40       16.47    
   11.50       16.40    
   11.60       16.33    
   11.70       16.27    
   11.80       16.21    
   11.90       16.14    
   12.00       16.08    
   12.10       16.02    
   12.20       15.96    
   12.30       15.91    
   12.40       15.85    
   12.50       15.79    
   12.60       15.74    
   12.70       15.69    
   12.80       15.63    
   12.90       15.58    
   13.00       15.53    
   13.10       15.48    
   13.20       15.44    
   13.30       15.39    
   13.40       15.34    
   13.50       15.30    
   13.60       15.26    
   13.70       15.22    
   13.80       15.18    
   13.90       15.14    
   14.00       15.10    
   14.10       15.06    
   14.20       15.03    
   14.30       14.99    
   14.40       14.96    
   14.50       14.93    
   14.60       14.90    
   14.70       14.87    
   14.80       14.84    
   14.90       14.81    
   15.00       14.78    
   15.10       14.76    
   15.20       14.74    
   15.30       14.71    
   15.40       14.69    
   15.50       14.67    
   15.60       14.65    
   15.70       14.63    
   15.80       14.62    
   15.90       14.60    
   16.00       14.59    
   16.10       14.57    
   16.20       14.56    
   16.30       14.55    
   16.40       14.54    
   16.50       14.53    
   16.60       14.52    
   16.70       14.51    
   16.80       14.51    
   16.90       14.50    
   17.00       14.50    
   17.10       14.50    
   17.20       14.49    
   17.30       14.49    
   17.40       14.49    
   17.50       14.49    
   17.60       14.50    
   17.70       14.50    
   17.80       14.50    
   17.90       14.51    
   18.00       14.51    
   18.10       14.52    
   18.20       14.53    
   18.30       14.53    
   18.40       14.54    
   18.50       14.55    
   18.60       14.57    
   18.70       14.58    
   18.80       14.59    
   18.90       14.60    
   19.00       14.62    
   19.10       14.63    
   19.20       14.65    
   19.30       14.67    
   19.40       14.68    
   19.50       14.70    
   19.60       14.72    
   19.70       14.74    
   19.80       14.76    
   19.90       14.78    
   20.00       14.81    
   20.10       14.83    
   20.20       14.85    
   20.30       14.88    
   20.40       14.90    
   20.50       14.93    
   20.60       14.96    
   20.70       14.98    
   20.80       15.01    
   20.90       15.04    
   21.00       15.07    
   21.10       15.10    
   21.20       15.13    
   21.30       15.16    
   21.40       15.19    
   21.50       15.22    
   21.60       15.26    
   21.70       15.29    
   21.80       15.32    
   21.90       15.36    
   22.00       15.39    
   22.10       15.43    
   22.20       15.46    
   22.30       15.50    
   22.40       15.54    
   22.50       15.57    
   22.60       15.61    
   22.70       15.65    
   22.80       15.69    
   22.90       15.73    
   23.00       15.77    
   23.10       15.80    
   23.20       15.84    
   23.30       15.88    
   23.40       15.92    
   23.50       15.96    
   23.60       16.00    
   23.70       16.04    
   23.80       16.08    
   23.90       16.13    
   24.00       16.17    
   24.10       16.21    
   24.20       16.25    
   24.30       16.29    
   24.40       16.33    
   24.50       16.37    
   24.60       16.41    
   24.70       16.45    
   24.80       16.50    
   24.90       16.54    
   25.00       16.58    
   25.10       16.62    
   25.20       16.66    
   25.30       16.70    
   25.40       16.74    
   25.50       16.78    
   25.60       16.82    
   25.70       16.87    
   25.80       16.91    
   25.90       16.95    
   26.00       16.99    
   26.10       17.03    
   26.20       17.07    
   26.30       17.11    
   26.40       17.15    
   26.50       17.19    
   26.60       17.23    
   26.70       17.27    
   26.80       17.31    
   26.90       17.35    
   27.00       17.39    
   27.10       17.43    
   27.20       17.46    
   27.30       17.50    
   27.40       17.54    
   27.50       17.58    
   27.60       17.62    
   27.70       17.66    
   27.80       17.70    
   27.90       17.74    
   28.00       17.78    
   28.10       17.81    
   28.20       17.85    
   28.30       17.89    
   28.40       17.93    
   28.50       17.97    
   28.60       18.01    
   28.70       18.05    
   28.80       18.08    
   28.90       18.12    
   29.00       18.16    
   29.10       18.20    
   29.20       18.24    
   29.30       18.28    
   29.40       18.32    
   29.50       18.35    
   29.60       18.39    
   29.70       18.43    
   29.80       18.47    
   29.90       18.51    
   30.00       18.55    
   30.10       18.59    
   30.20       18.62    
   30.30       18.66    
   30.40       18.70    
   30.50       18.74    
   30.60       18.78    
   30.70       18.82    
   30.80       18.85    
   30.90       18.89    
   31.00       18.93    
   31.10       18.97    
   31.20       19.01    
   31.30       19.05    
   31.40       19.08    
   31.50       19.12    
   31.60       19.16    
   31.70       19.20    
   31.80       19.23    
   31.90       19.27    
   32.00       19.31    
   32.10       19.34    
   32.20       19.38    
   32.30       19.42    
   32.40       19.45    
   32.50       19.49    
   32.60       19.52    
   32.70       19.56    
   32.80       19.60    
   32.90       19.63    
   33.00       19.66    
   33.10       19.70    
   33.20       19.73    
   33.30       19.77    
   33.40       19.80    
   33.50       19.83    
   33.60       19.87    
   33.70       19.90    
   33.80       19.93    
   33.90       19.96    
   34.00       19.99    
   34.10       20.03    
   34.20       20.06    
   34.30       20.09    
   34.40       20.12    
   34.50       20.15    
   34.60       20.18    
   34.70       20.21    
   34.80       20.24    
   34.90       20.26    
   35.00       20.29    
   35.10       20.32    
   35.20       20.35    
   35.30       20.38    
   35.40       20.40    
   35.50       20.43    
   35.60       20.46    
   35.70       20.48    
   35.80       20.51    
   35.90       20.54    
   36.00       20.56    
   36.10       20.59    
   36.20       20.61    
   36.30       20.64    
   36.40       20.66    
   36.50       20.69    
   36.60       20.71    
   36.70       20.74    
   36.80       20.76    
   36.90       20.78    
   37.00       20.81    
   37.10       20.83    
   37.20       20.86    
   37.30       20.88    
   37.40       20.90    
   37.50       20.92    
   37.60       20.95    
   37.70       20.97    
   37.80       20.99    
   37.90       21.01    
   38.00       21.03    
   38.10       21.05    
   38.20       21.08    
   38.30       21.10    
   38.40       21.12    
   38.50       21.14    
   38.60       21.16    
   38.70       21.18    
   38.80       21.20    
   38.90       21.21    
   39.00       21.23    
   39.10       21.25    
   39.20       21.27    
   39.30       21.29    
   39.40       21.30    
   39.50       21.32    
   39.60       21.34    
   39.70       21.35    
   39.80       21.37    
   39.90       21.38    
   40.00       21.40    
   40.10       21.41    
   40.20       21.43    
   40.30       21.44    
   40.40       21.45    
   40.50       21.46    
   40.60       21.48    
   40.70       21.49    
   40.80       21.50    
   40.90       21.51    
   41.00       21.52    
   41.10       21.53    
   41.20       21.54    
   41.30       21.54    
   41.40       21.55    
   41.50       21.56    
   41.60       21.56    
   41.70       21.57    
   41.80       21.57    
   41.90       21.58    
   42.00       21.58    
   42.10       21.59    
   42.20       21.59    
   42.30       21.59    
   42.40       21.59    
   42.50       21.59    
   42.60       21.59    
   42.70       21.59    
   42.80       21.59    
   42.90       21.59    
   43.00       21.59    
   43.10       21.59    
   43.20       21.59    
   43.30       21.58    
   43.40       21.58    
   43.50       21.57    
   43.60       21.57    
   43.70       21.56    
   43.80       21.56    
   43.90       21.55    
   44.00       21.55    
   44.10       21.54    
   44.20       21.53    
   44.30       21.52    
   44.40       21.51    
   44.50       21.51    
   44.60       21.50    
   44.70       21.49    
   44.80       21.48    
   44.90       21.47    
   45.00       21.45    
   45.10       21.44    
   45.20       21.43    
   45.30       21.42    
   45.40       21.41    
   45.50       21.39    
   45.60       21.38    
   45.70       21.37    
   45.80       21.35    
   45.90       21.34    
   46.00       21.32    
   46.10       21.31    
   46.20       21.29    
   46.30       21.28    
   46.40       21.26    
   46.50       21.24    
   46.60       21.23    
   46.70       21.21    
   46.80       21.19    
   46.90       21.17    
   47.00       21.15    
   47.10       21.14    
   47.20       21.12    
   47.30       21.10    
   47.40       21.08    
   47.50       21.06    
   47.60       21.04    
   47.70       21.02    
   47.80       20.99    
   47.90       20.97    
   48.00       20.95    
   48.10       20.93    
   48.20       20.91    
   48.30       20.88    
   48.40       20.86    
   48.50       20.84    
   48.60       20.81    
   48.70       20.79    
   48.80       20.76    
   48.90       20.74    
   49.00       20.71    
   49.10       20.69    
   49.20       20.66    
   49.30       20.63    
   49.40       20.61    
   49.50       20.58    
   49.60       20.55    
   49.70       20.52    
   49.80       20.50    
   49.90       20.47    
   50.00       20.44    
   50.10       20.41    
   50.20       20.38    
   50.30       20.35    
   50.40       20.32    
   50.50       20.29    
   50.60       20.26    
   50.70       20.23    
   50.80       20.20    
   50.90       20.17    
   51.00       20.14    
   51.10       20.10    
   51.20       20.07    
   51.30       20.04    
   51.40       20.01    
   51.50       19.98    
   51.60       19.94    
   51.70       19.91    
   51.80       19.88    
   51.90       19.84    
   52.00       19.81    
   52.10       19.78    
   52.20       19.74    
   52.30       19.71    
   52.40       19.68    
   52.50       19.64    
   52.60       19.61    
   52.70       19.58    
   52.80       19.54    
   52.90       19.51    
   53.00       19.47    
   53.10       19.44    
   53.20       19.41    
   53.30       19.37    
   53.40       19.34    
   53.50       19.30    
   53.60       19.27    
   53.70       19.24    
   53.80       19.20    
   53.90       19.17    
   54.00       19.13    
   54.10       19.10    
   54.20       19.07    
   54.30       19.03    
   54.40       19.00    
   54.50       18.96    
   54.60       18.93    
   54.70       18.90    
   54.80       18.86    
   54.90       18.83    
   55.00       18.80    
   55.10       18.76    
   55.20       18.73    
   55.30       18.70    
   55.40       18.66    
   55.50       18.63    
   55.60       18.60    
   55.70       18.57    
   55.80       18.53    
   55.90       18.50    
   56.00       18.47    
   56.10       18.44    
   56.20       18.40    
   56.30       18.37    
   56.40       18.34    
   56.50       18.31    
   56.60       18.27    
   56.70       18.24    
   56.80       18.21    
   56.90       18.18    
   57.00       18.15    
   57.10       18.12    
   57.20       18.09    
   57.30       18.05    
   57.40       18.02    
   57.50       17.99    
   57.60       17.96    
   57.70       17.93    
   57.80       17.90    
   57.90       17.87    
   58.00       17.84    
   58.10       17.81    
   58.20       17.78    
   58.30       17.75    
   58.40       17.72    
   58.50       17.69    
   58.60       17.66    
   58.70       17.63    
   58.80       17.60    
   58.90       17.57    
   59.00       17.54    
   59.10       17.51    
   59.20       17.49    
   59.30       17.46    
   59.40       17.43    
   59.50       17.40    
   59.60       17.37    
   59.70       17.34    
   59.80       17.32    
   59.90       17.29    
   60.00       17.26    
   60.10       17.23    
   60.20       17.21    
   60.30       17.18    
   60.40       17.15    
   60.50       17.12    
   60.60       17.10    
   60.70       17.07    
   60.80       17.04    
   60.90       17.02    
   61.00       16.99    
   61.10       16.97    
   61.20       16.94    
   61.30       16.92    
   61.40       16.89    
   61.50       16.87    
   61.60       16.84    
   61.70       16.82    
   61.80       16.79    
   61.90       16.77    
   62.00       16.74    
   62.10       16.72    
   62.20       16.70    
   62.30       16.67    
   62.40       16.65    
   62.50       16.63    
   62.60       16.60    
   62.70       16.58    
   62.80       16.56    
   62.90       16.53    
   63.00       16.51    
   63.10       16.49    
   63.20       16.47    
   63.30       16.45    
   63.40       16.42    
   63.50       16.40    
   63.60       16.38    
   63.70       16.36    
   63.80       16.34    
   63.90       16.32    
   64.00       16.30    
   64.10       16.28    
   64.20       16.26    
   64.30       16.24    
   64.40       16.22    
   64.50       16.20    
   64.60       16.18    
   64.70       16.16    
   64.80       16.14    
   64.90       16.12    
   65.00       16.11    
   65.10       16.09    
   65.20       16.07    
   65.30       16.05    
   65.40       16.03    
   65.50       16.02    
   65.60       16.00    
   65.70       15.98    
   65.80       15.96    
   65.90       15.95    
   66.00       15.93    
   66.10       15.91    
   66.20       15.89    
   66.30       15.88    
   66.40       15.86    
   66.50       15.84    
   66.60       15.83    
   66.70       15.81    
   66.80       15.80    
   66.90       15.78    
   67.00       15.76    
   67.10       15.75    
   67.20       15.73    
   67.30       15.72    
   67.40       15.70    
   67.50       15.69    
   67.60       15.67    
   67.70       15.66    
   67.80       15.64    
   67.90       15.63    
   68.00       15.61    
   68.10       15.60    
   68.20       15.58    
   68.30       15.57    
   68.40       15.55    
   68.50       15.54    
   68.60       15.52    
   68.70       15.51    
   68.80       15.49    
   68.90       15.48    
   69.00       15.47    
   69.10       15.45    
   69.20       15.44    
   69.30       15.42    
   69.40       15.41    
   69.50       15.40    
   69.60       15.38    
   69.70       15.37    
   69.80       15.36    
   69.90       15.34    
   70.00       15.33    
   70.10       15.31    
   70.20       15.30    
   70.30       15.29    
   70.40       15.27    
   70.50       15.26    
   70.60       15.25    
   70.70       15.23    
   70.80       15.22    
   70.90       15.21    
   71.00       15.19    
   71.10       15.18    
   71.20       15.17    
   71.30       15.15    
   71.40       15.14    
   71.50       15.13    
   71.60       15.11    
   71.70       15.10    
   71.80       15.09    
   71.90       15.08    
   72.00       15.06    
   72.10       15.05    
   72.20       15.04    
   72.30       15.02    
   72.40       15.01    
   72.50       15.00    
   72.60       14.99    
   72.70       14.97    
   72.80       14.96    
   72.90       14.95    
   73.00       14.94    
   73.10       14.92    
   73.20       14.91    
   73.30       14.90    
   73.40       14.89    
   73.50       14.87    
   73.60       14.86    
   73.70       14.85    
   73.80       14.84    
   73.90       14.82    
   74.00       14.81    
   74.10       14.80    
   74.20       14.79    
   74.30       14.77    
   74.40       14.76    
   74.50       14.75    
   74.60       14.74    
   74.70       14.73    
   74.80       14.71    
   74.90       14.70    
   75.00       14.69    
   75.10       14.68    
   75.20       14.67    
   75.30       14.65    
   75.40       14.64    
   75.50       14.63    
   75.60       14.62    
   75.70       14.61    
   75.80       14.59    
   75.90       14.58    
   76.00       14.57    
   76.10       14.56    
   76.20       14.55    
   76.30       14.54    
   76.40       14.52    
   76.50       14.51    
   76.60       14.50    
   76.70       14.49    
   76.80       14.48    
   76.90       14.46    
   77.00       14.45    
   77.10       14.44    
   77.20       14.43    
   77.30       14.41    
   77.40       14.40    
   77.50       14.39    
   77.60       14.38    
   77.70       14.37    
   77.80       14.35    
   77.90       14.34    
   78.00       14.33    
   78.10       14.32    
   78.20       14.30    
   78.30       14.29    
   78.40       14.28    
   78.50       14.27    
   78.60       14.25    
   78.70       14.24    
   78.80       14.23    
   78.90       14.21    
   79.00       14.20    
   79.10       14.19    
   79.20       14.18    
   79.30       14.16    
   79.40       14.15    
   79.50       14.14    
   79.60       14.12    
   79.70       14.11    
   79.80       14.10    
   79.90       14.08    
   80.00       14.07    
   80.10       14.06    
   80.20       14.04    
   80.30       14.03    
   80.40       14.02    
   80.50       14.00    
   80.60       13.99    
   80.70       13.98    
   80.80       13.96    
   80.90       13.95    
   81.00       13.94    
   81.10       13.92    
   81.20       13.91    
   81.30       13.90    
   81.40       13.88    
   81.50       13.87    
   81.60       13.86    
   81.70       13.84    
   81.80       13.83    
   81.90       13.82    
   82.00       13.80    
   82.10       13.79    
   82.20       13.78    
   82.30       13.76    
   82.40       13.75    
   82.50       13.74    
   82.60       13.73    
   82.70       13.71    
   82.80       13.70    
   82.90       13.69    
   83.00       13.67    
   83.10       13.66    
   83.20       13.65    
   83.30       13.63    
   83.40       13.62    
   83.50       13.61    
   83.60       13.60    
   83.70       13.58    
   83.80       13.57    
   83.90       13.56    
   84.00       13.55    
   84.10       13.53    
   84.20       13.52    
   84.30       13.51    
   84.40       13.50    
   84.50       13.48    
   84.60       13.47    
   84.70       13.46    
   84.80       13.45    
   84.90       13.43    
   85.00       13.42    
   85.10       13.41    
   85.20       13.40    
   85.30       13.38    
   85.40       13.37    
   85.50       13.36    
   85.60       13.35    
   85.70       13.33    
   85.80       13.32    
   85.90       13.31    
   86.00       13.30    
   86.10       13.29    
   86.20       13.27    
   86.30       13.26    
   86.40       13.25    
   86.50       13.24    
   86.60       13.22    
   86.70       13.21    
   86.80       13.20    
   86.90       13.19    
   87.00       13.17    
   87.10       13.16    
   87.20       13.15    
   87.30       13.14    
   87.40       13.13    
   87.50       13.11    
   87.60       13.10    
   87.70       13.09    
   87.80       13.08    
   87.90       13.06    
   88.00       13.05    
   88.10       13.04    
   88.20       13.03    
   88.30       13.02    
   88.40       13.00    
   88.50       12.99    
   88.60       12.98    
   88.70       12.97    
   88.80       12.96    
   88.90       12.94    
   89.00       12.93    
   89.10       12.92    
   89.20       12.91    
   89.30       12.90    
   89.40       12.89    
   89.50       12.87    
   89.60       12.86    
   89.70       12.85    
   89.80       12.84    
   89.90       12.83    
   90.00       12.82    
 END
