# 451 angles,  1 tensor ranks for 0=projectile
@subtitle   "Search for spectroscopic factor"                                               
@legend ON
@legend x1 0.2
@legend y1 0.8
@g0 type LOGY
@xaxis label "Scattering angle (degrees)"
@yaxis label "Cross section (mb/sr)"
@legend string  0 "Partition=  2 Excit=  1 near/far= 1"
#legend string  0 "Lab energy =   42.0000"
@s0 linestyle   1
#  Theta       sigma       iT11        T20         T21         T22         Kyy for projectile
   0.000      0.2984    
  0.2000      0.2978    
  0.4000      0.2962    
  0.6000      0.2934    
  0.8000      0.2896    
   1.000      0.2848    
   1.200      0.2790    
   1.400      0.2724    
   1.600      0.2650    
   1.800      0.2568    
   2.000      0.2481    
   2.200      0.2389    
   2.400      0.2293    
   2.600      0.2194    
   2.800      0.2093    
   3.000      0.1992    
   3.200      0.1891    
   3.400      0.1793    
   3.600      0.1696    
   3.800      0.1604    
   4.000      0.1516    
   4.200      0.1434    
   4.400      0.1357    
   4.600      0.1288    
   4.800      0.1225    
   5.000      0.1170    
   5.200      0.1122    
   5.400      0.1082    
   5.600      0.1050    
   5.800      0.1025    
   6.000      0.1007    
   6.200      0.9969E-01
   6.400      0.9928E-01
   6.600      0.9944E-01
   6.800      0.1001    
   7.000      0.1013    
   7.200      0.1028    
   7.400      0.1046    
   7.600      0.1066    
   7.800      0.1087    
   8.000      0.1109    
   8.200      0.1130    
   8.400      0.1150    
   8.600      0.1169    
   8.800      0.1184    
   9.000      0.1197    
   9.200      0.1206    
   9.400      0.1210    
   9.600      0.1211    
   9.800      0.1206    
   10.00      0.1197    
   10.20      0.1182    
   10.40      0.1163    
   10.60      0.1139    
   10.80      0.1111    
   11.00      0.1078    
   11.20      0.1041    
   11.40      0.1002    
   11.60      0.9591E-01
   11.80      0.9143E-01
   12.00      0.8681E-01
   12.20      0.8209E-01
   12.40      0.7735E-01
   12.60      0.7265E-01
   12.80      0.6806E-01
   13.00      0.6365E-01
   13.20      0.5947E-01
   13.40      0.5557E-01
   13.60      0.5202E-01
   13.80      0.4885E-01
   14.00      0.4609E-01
   14.20      0.4379E-01
   14.40      0.4196E-01
   14.60      0.4061E-01
   14.80      0.3975E-01
   15.00      0.3937E-01
   15.20      0.3946E-01
   15.40      0.4001E-01
   15.60      0.4098E-01
   15.80      0.4234E-01
   16.00      0.4405E-01
   16.20      0.4607E-01
   16.40      0.4835E-01
   16.60      0.5083E-01
   16.80      0.5346E-01
   17.00      0.5619E-01
   17.20      0.5897E-01
   17.40      0.6172E-01
   17.60      0.6442E-01
   17.80      0.6700E-01
   18.00      0.6943E-01
   18.20      0.7165E-01
   18.40      0.7365E-01
   18.60      0.7539E-01
   18.80      0.7685E-01
   19.00      0.7801E-01
   19.20      0.7887E-01
   19.40      0.7942E-01
   19.60      0.7967E-01
   19.80      0.7964E-01
   20.00      0.7934E-01
   20.20      0.7879E-01
   20.40      0.7802E-01
   20.60      0.7707E-01
   20.80      0.7597E-01
   21.00      0.7476E-01
   21.20      0.7347E-01
   21.40      0.7216E-01
   21.60      0.7086E-01
   21.80      0.6960E-01
   22.00      0.6843E-01
   22.20      0.6738E-01
   22.40      0.6648E-01
   22.60      0.6576E-01
   22.80      0.6523E-01
   23.00      0.6491E-01
   23.20      0.6482E-01
   23.40      0.6496E-01
   23.60      0.6532E-01
   23.80      0.6591E-01
   24.00      0.6670E-01
   24.20      0.6769E-01
   24.40      0.6884E-01
   24.60      0.7014E-01
   24.80      0.7155E-01
   25.00      0.7305E-01
   25.20      0.7458E-01
   25.40      0.7613E-01
   25.60      0.7765E-01
   25.80      0.7910E-01
   26.00      0.8046E-01
   26.20      0.8168E-01
   26.40      0.8273E-01
   26.60      0.8359E-01
   26.80      0.8423E-01
   27.00      0.8464E-01
   27.20      0.8479E-01
   27.40      0.8468E-01
   27.60      0.8430E-01
   27.80      0.8366E-01
   28.00      0.8275E-01
   28.20      0.8159E-01
   28.40      0.8020E-01
   28.60      0.7860E-01
   28.80      0.7680E-01
   29.00      0.7485E-01
   29.20      0.7277E-01
   29.40      0.7059E-01
   29.60      0.6836E-01
   29.80      0.6610E-01
   30.00      0.6386E-01
   30.20      0.6167E-01
   30.40      0.5956E-01
   30.60      0.5757E-01
   30.80      0.5572E-01
   31.00      0.5406E-01
   31.20      0.5259E-01
   31.40      0.5133E-01
   31.60      0.5032E-01
   31.80      0.4954E-01
   32.00      0.4901E-01
   32.20      0.4872E-01
   32.40      0.4868E-01
   32.60      0.4887E-01
   32.80      0.4928E-01
   33.00      0.4989E-01
   33.20      0.5068E-01
   33.40      0.5162E-01
   33.60      0.5269E-01
   33.80      0.5385E-01
   34.00      0.5508E-01
   34.20      0.5635E-01
   34.40      0.5761E-01
   34.60      0.5885E-01
   34.80      0.6002E-01
   35.00      0.6111E-01
   35.20      0.6208E-01
   35.40      0.6292E-01
   35.60      0.6360E-01
   35.80      0.6410E-01
   36.00      0.6442E-01
   36.20      0.6454E-01
   36.40      0.6447E-01
   36.60      0.6420E-01
   36.80      0.6373E-01
   37.00      0.6308E-01
   37.20      0.6226E-01
   37.40      0.6128E-01
   37.60      0.6017E-01
   37.80      0.5893E-01
   38.00      0.5761E-01
   38.20      0.5622E-01
   38.40      0.5479E-01
   38.60      0.5335E-01
   38.80      0.5192E-01
   39.00      0.5053E-01
   39.20      0.4920E-01
   39.40      0.4796E-01
   39.60      0.4684E-01
   39.80      0.4584E-01
   40.00      0.4499E-01
   40.20      0.4430E-01
   40.40      0.4377E-01
   40.60      0.4342E-01
   40.80      0.4324E-01
   41.00      0.4324E-01
   41.20      0.4341E-01
   41.40      0.4374E-01
   41.60      0.4422E-01
   41.80      0.4484E-01
   42.00      0.4557E-01
   42.20      0.4641E-01
   42.40      0.4732E-01
   42.60      0.4830E-01
   42.80      0.4930E-01
   43.00      0.5033E-01
   43.20      0.5134E-01
   43.40      0.5231E-01
   43.60      0.5324E-01
   43.80      0.5409E-01
   44.00      0.5485E-01
   44.20      0.5550E-01
   44.40      0.5603E-01
   44.60      0.5643E-01
   44.80      0.5669E-01
   45.00      0.5681E-01
   45.20      0.5678E-01
   45.40      0.5661E-01
   45.60      0.5630E-01
   45.80      0.5585E-01
   46.00      0.5529E-01
   46.20      0.5461E-01
   46.40      0.5384E-01
   46.60      0.5299E-01
   46.80      0.5207E-01
   47.00      0.5111E-01
   47.20      0.5012E-01
   47.40      0.4912E-01
   47.60      0.4813E-01
   47.80      0.4717E-01
   48.00      0.4625E-01
   48.20      0.4539E-01
   48.40      0.4461E-01
   48.60      0.4391E-01
   48.80      0.4331E-01
   49.00      0.4281E-01
   49.20      0.4242E-01
   49.40      0.4215E-01
   49.60      0.4198E-01
   49.80      0.4192E-01
   50.00      0.4196E-01
   50.20      0.4210E-01
   50.40      0.4233E-01
   50.60      0.4263E-01
   50.80      0.4299E-01
   51.00      0.4341E-01
   51.20      0.4385E-01
   51.40      0.4431E-01
   51.60      0.4478E-01
   51.80      0.4522E-01
   52.00      0.4564E-01
   52.20      0.4600E-01
   52.40      0.4631E-01
   52.60      0.4654E-01
   52.80      0.4668E-01
   53.00      0.4672E-01
   53.20      0.4666E-01
   53.40      0.4648E-01
   53.60      0.4619E-01
   53.80      0.4579E-01
   54.00      0.4527E-01
   54.20      0.4463E-01
   54.40      0.4389E-01
   54.60      0.4305E-01
   54.80      0.4211E-01
   55.00      0.4109E-01
   55.20      0.4001E-01
   55.40      0.3887E-01
   55.60      0.3769E-01
   55.80      0.3648E-01
   56.00      0.3527E-01
   56.20      0.3406E-01
   56.40      0.3288E-01
   56.60      0.3173E-01
   56.80      0.3063E-01
   57.00      0.2960E-01
   57.20      0.2865E-01
   57.40      0.2779E-01
   57.60      0.2702E-01
   57.80      0.2635E-01
   58.00      0.2580E-01
   58.20      0.2536E-01
   58.40      0.2504E-01
   58.60      0.2483E-01
   58.80      0.2473E-01
   59.00      0.2475E-01
   59.20      0.2486E-01
   59.40      0.2507E-01
   59.60      0.2536E-01
   59.80      0.2573E-01
   60.00      0.2616E-01
   60.20      0.2665E-01
   60.40      0.2717E-01
   60.60      0.2772E-01
   60.80      0.2828E-01
   61.00      0.2884E-01
   61.20      0.2939E-01
   61.40      0.2992E-01
   61.60      0.3040E-01
   61.80      0.3084E-01
   62.00      0.3123E-01
   62.20      0.3155E-01
   62.40      0.3181E-01
   62.60      0.3199E-01
   62.80      0.3209E-01
   63.00      0.3211E-01
   63.20      0.3205E-01
   63.40      0.3192E-01
   63.60      0.3170E-01
   63.80      0.3142E-01
   64.00      0.3107E-01
   64.20      0.3066E-01
   64.40      0.3019E-01
   64.60      0.2968E-01
   64.80      0.2914E-01
   65.00      0.2857E-01
   65.20      0.2797E-01
   65.40      0.2738E-01
   65.60      0.2678E-01
   65.80      0.2619E-01
   66.00      0.2562E-01
   66.20      0.2507E-01
   66.40      0.2456E-01
   66.60      0.2409E-01
   66.80      0.2366E-01
   67.00      0.2328E-01
   67.20      0.2295E-01
   67.40      0.2267E-01
   67.60      0.2245E-01
   67.80      0.2228E-01
   68.00      0.2216E-01
   68.20      0.2209E-01
   68.40      0.2207E-01
   68.60      0.2209E-01
   68.80      0.2215E-01
   69.00      0.2223E-01
   69.20      0.2235E-01
   69.40      0.2248E-01
   69.60      0.2262E-01
   69.80      0.2277E-01
   70.00      0.2291E-01
   70.20      0.2305E-01
   70.40      0.2318E-01
   70.60      0.2328E-01
   70.80      0.2336E-01
   71.00      0.2341E-01
   71.20      0.2342E-01
   71.40      0.2340E-01
   71.60      0.2334E-01
   71.80      0.2324E-01
   72.00      0.2310E-01
   72.20      0.2293E-01
   72.40      0.2271E-01
   72.60      0.2246E-01
   72.80      0.2217E-01
   73.00      0.2185E-01
   73.20      0.2151E-01
   73.40      0.2115E-01
   73.60      0.2077E-01
   73.80      0.2039E-01
   74.00      0.1999E-01
   74.20      0.1960E-01
   74.40      0.1922E-01
   74.60      0.1884E-01
   74.80      0.1848E-01
   75.00      0.1815E-01
   75.20      0.1784E-01
   75.40      0.1756E-01
   75.60      0.1731E-01
   75.80      0.1710E-01
   76.00      0.1692E-01
   76.20      0.1678E-01
   76.40      0.1668E-01
   76.60      0.1662E-01
   76.80      0.1659E-01
   77.00      0.1660E-01
   77.20      0.1664E-01
   77.40      0.1671E-01
   77.60      0.1681E-01
   77.80      0.1692E-01
   78.00      0.1705E-01
   78.20      0.1719E-01
   78.40      0.1734E-01
   78.60      0.1749E-01
   78.80      0.1763E-01
   79.00      0.1777E-01
   79.20      0.1788E-01
   79.40      0.1798E-01
   79.60      0.1805E-01
   79.80      0.1810E-01
   80.00      0.1811E-01
   80.20      0.1809E-01
   80.40      0.1803E-01
   80.60      0.1793E-01
   80.80      0.1779E-01
   81.00      0.1761E-01
   81.20      0.1739E-01
   81.40      0.1713E-01
   81.60      0.1683E-01
   81.80      0.1650E-01
   82.00      0.1614E-01
   82.20      0.1574E-01
   82.40      0.1532E-01
   82.60      0.1489E-01
   82.80      0.1443E-01
   83.00      0.1397E-01
   83.20      0.1350E-01
   83.40      0.1303E-01
   83.60      0.1256E-01
   83.80      0.1211E-01
   84.00      0.1167E-01
   84.20      0.1125E-01
   84.40      0.1086E-01
   84.60      0.1049E-01
   84.80      0.1016E-01
   85.00      0.9866E-02
   85.20      0.9610E-02
   85.40      0.9394E-02
   85.60      0.9221E-02
   85.80      0.9091E-02
   86.00      0.9005E-02
   86.20      0.8962E-02
   86.40      0.8962E-02
   86.60      0.9002E-02
   86.80      0.9080E-02
   87.00      0.9195E-02
   87.20      0.9343E-02
   87.40      0.9520E-02
   87.60      0.9722E-02
   87.80      0.9946E-02
   88.00      0.1019E-01
   88.20      0.1044E-01
   88.40      0.1070E-01
   88.60      0.1096E-01
   88.80      0.1122E-01
   89.00      0.1148E-01
   89.20      0.1172E-01
   89.40      0.1195E-01
   89.60      0.1216E-01
   89.80      0.1235E-01
   90.00      0.1251E-01
 END
