# KN1,E,l,j,2j+1,N =   2  -1.03700   1  1.0   3 601
   4.99999966E-04  -0.0000000000000000     
   5.00000007E-02   9.5587096048458352E-003
  0.100000001       3.7694898784898276E-002
  0.150000006       8.3813163765367765E-002
  0.200000003      0.14436841560221275     
  0.250000000      0.21368866075336773     
  0.300000012      0.28460254561956372     
  0.349999994      0.34923831360909213     
  0.400000006      0.39990795726122907     
  0.449999988      0.42996915903461014     
  0.500000000      0.43456455354792156     
  0.550000012      0.41115675949289071     
  0.600000024      0.35980538768227799     
  0.649999976      0.28316490667433097     
  0.699999988      0.18621543762105669     
  0.750000000       7.5768035388054225E-002
  0.800000012      -4.0191499267711622E-002
  0.850000024     -0.15324302513177487     
  0.899999976     -0.25527623449118958     
  0.949999988     -0.33916442275139613     
   1.00000000     -0.39930770046334257     
   1.04999995     -0.43200476646326097     
   1.10000002     -0.43563399817692527     
   1.14999998     -0.41064578965593540     
   1.20000005     -0.35938646074547814     
   1.25000000     -0.28578784946563995     
   1.29999995     -0.19496509415384281     
   1.35000002      -9.2767911857599028E-002
   1.39999998       1.4671486852308417E-002
   1.45000005      0.12135683208992433     
   1.50000000      0.22178427156403191     
   1.54999995      0.31121851720296589     
   1.60000002      0.38588018478324865     
   1.64999998      0.44304469037666061     
   1.70000005      0.48106020305240121     
   1.75000000      0.49929719189017763     
   1.79999995      0.49804504458537469     
   1.85000002      0.47837221304573335     
   1.89999998      0.44196575209411298     
   1.95000005      0.39096433276695397     
   2.00000000      0.32779630761920997     
   2.04999995      0.25503156324947379     
   2.09999990      0.17525305325264873     
   2.15000010       9.0951279957890652E-002
   2.20000005       4.4427905088182526E-003
   2.25000000      -8.2188007314505221E-002
   2.29999995     -0.16712565822413872     
   2.34999990     -0.24884186263578420     
   2.40000010     -0.32609824912852464     
   2.45000005     -0.39793699648905362     
   2.50000000     -0.46366245306118209     
   2.54999995     -0.52281661240334831     
   2.59999990     -0.57515091235514759     
   2.65000010     -0.62059640038469732     
   2.70000005     -0.65923387434367420     
   2.75000000     -0.69126520783133383     
   2.79999995     -0.71698670839894540     
   2.84999990     -0.73676504961933265     
   2.90000010     -0.75101606845814184     
   2.95000005     -0.76018652112116292     
   3.00000000     -0.76473874708339851     
   3.04999995     -0.76513808330213839     
   3.09999990     -0.76184280310924424     
   3.15000010     -0.75529631456869406     
   3.20000005     -0.74592133808535810     
   3.25000000     -0.73411578044472048     
   3.29999995     -0.72025003460724757     
   3.34999990     -0.70466545517028412     
   3.40000010     -0.68767378173369864     
   3.45000005     -0.66955730910203037     
   3.50000000     -0.65056963082101982     
   3.54999995     -0.63093680797000695     
   3.59999990     -0.61085885089849268     
   3.65000010     -0.59051134528708626     
   3.70000005     -0.57004727483524442     
   3.75000000     -0.54959883929804410     
   3.79999995     -0.52927928447725292     
   3.84999990     -0.50918469215693651     
   3.90000010     -0.48939570189236176     
   3.95000005     -0.46997914427832249     
   4.00000000     -0.45098957292212705     
   4.05000019     -0.43247068795235538     
   4.09999990     -0.41445664726260845     
   4.15000010     -0.39697326593706145     
   4.19999981     -0.38003910594755497     
   4.25000000     -0.36366646049186557     
   4.30000019     -0.34786223839551295     
   4.34999990     -0.33262875478616788     
   4.40000010     -0.31796443453601853     
   4.44999981     -0.30386443555860293     
   4.50000000     -0.29032119851072979     
   4.55000019     -0.27732492968697525     
   4.59999990     -0.26486402340191462     
   4.65000010     -0.25292542997692774     
   4.69999981     -0.24149497489774854     
   4.75000000     -0.23055763445518157     
   4.80000019     -0.22009777263176869     
   4.84999990     -0.21009934371105074     
   4.90000010     -0.20054606457055080     
   4.94999981     -0.19142156034435034     
   5.00000000     -0.18270948672316273     
   5.05000019     -0.17439363177013775     
   5.09999990     -0.16645799996961599     
   5.15000010     -0.15888688076251783     
   5.19999981     -0.15166490370049832     
   5.25000000     -0.14477708202411083     
   5.30000019     -0.13820884630228752     
   5.34999990     -0.13194606956332969     
   5.40000010     -0.12597508515681216     
   5.44999981     -0.12028269846381839     
   5.50000000     -0.11485619339161789     
   5.55000019     -0.10968333451450041     
   5.59999990     -0.10475236557128836     
   5.65000010     -0.10005200495449854     
   5.69999981      -9.5571438740201284E-002
   5.75000000      -9.1300311724805711E-002
   5.80000019      -8.7228716875336981E-002
   5.84999990      -8.3347183539451988E-002
   5.90000010      -7.9646664711865017E-002
   5.94999981      -7.6118523608937491E-002
   6.00000000      -7.2754519765346762E-002
   6.05000019      -6.9546794835062209E-002
   6.09999990      -6.6487858243549719E-002
   6.15000010      -6.3570572822697236E-002
   6.19999981      -6.0788140526975738E-002
   6.25000000      -5.8134088324047456E-002
   6.30000019      -5.5602254320230686E-002
   6.34999990      -5.3186774185153142E-002
   6.40000010      -5.0882067912710764E-002
   6.44999981      -4.8682826956837191E-002
   6.50000000      -4.6584001764265359E-002
   6.55000019      -4.4580789723890284E-002
   6.59999990      -4.2668623543064811E-002
   6.65000010      -4.0843160058508444E-002
   6.69999981      -3.9100269484295451E-002
   6.75000000      -3.7436025094430642E-002
   6.80000019      -3.5846693337605123E-002
   6.84999990      -3.4328724375838601E-002
   6.90000010      -3.2878743039546049E-002
   6.94999981      -3.1493540189660586E-002
   7.00000000      -3.0170064474036969E-002
   7.05000019      -2.8905414467560800E-002
   7.09999990      -2.7696831183064732E-002
   7.15000010      -2.6541690939430009E-002
   7.19999981      -2.5437498574134885E-002
   7.25000000      -2.4381880986417734E-002
   7.30000019      -2.3372580997856451E-002
   7.34999990      -2.2407451516993231E-002
   7.40000010      -2.1484449994923799E-002
   7.44999981      -2.0601633158528861E-002
   7.50000000      -1.9757152009137219E-002
   7.55000019      -1.8949247074522616E-002
   7.59999990      -1.8176243901779271E-002
   7.65000010      -1.7436548779873835E-002
   7.69999981      -1.6728644680934310E-002
   7.75000000      -1.6051087409028379E-002
   7.80000019      -1.5402501946791632E-002
   7.84999990      -1.4781578989630444E-002
   7.90000010      -1.4187071658046555E-002
   7.94999981      -1.3617792379413225E-002
   8.00000000      -1.3072609930230831E-002
   8.05000019      -1.2550446630655241E-002
   8.10000038      -1.2050275683684849E-002
   8.14999962      -1.1571118651320468E-002
   8.19999981      -1.1112043060639855E-002
   8.25000000      -1.0672160132982139E-002
   8.30000019      -1.0250622630003800E-002
   8.35000038      -9.8466228101510948E-003
   8.39999962      -9.4593904901982290E-003
   8.44999981      -9.0881912059362080E-003
   8.50000000      -8.7323244670842598E-003
   8.55000019      -8.3911221012631931E-003
   8.60000038      -8.0639466826024023E-003
   8.64999962      -7.7501900401868501E-003
   8.69999981      -7.4492718424818416E-003
   8.75000000      -7.1606382535063353E-003
   8.80000019      -6.8837606571267342E-003
   8.85000038      -6.6181344457551701E-003
   8.89999962      -6.3632778702418938E-003
   8.94999981      -6.1187309475227063E-003
   9.00000000      -5.8840544232921484E-003
   9.05000019      -5.6588287865327472E-003
   9.10000038      -5.4426533333795683E-003
   9.14999962      -5.2351452776992482E-003
   9.19999981      -5.0359389058754079E-003
   9.25000000      -4.8446847735871580E-003
   9.30000019      -4.6610489423670751E-003
   9.35000038      -4.4847122539081350E-003
   9.39999962      -4.3153696401057916E-003
   9.44999981      -4.1527294670357607E-003
   9.50000000      -3.9965129110900617E-003
   9.55000019      -3.8464533656589494E-003
   9.60000038      -3.7022958767372709E-003
   9.64999962      -3.5637966060070355E-003
   9.69999981      -3.4307223200023477E-003
   9.75000000      -3.3028499039880624E-003
   9.80000019      -3.1799658993313853E-003
   9.85000038      -3.0618660631499535E-003
   9.89999962      -2.9483549491253320E-003
   9.94999981      -2.8392455084120410E-003
   10.0000000      -2.7343587096053004E-003
   10.0500002      -2.6335231768347205E-003
   10.1000004      -2.5365748450750726E-003
   10.1499996      -2.4433566317978560E-003
   10.1999998      -2.3537181241560707E-003
   10.2500000      -2.2675152809352190E-003
   10.3000002      -2.1846101485203163E-003
   10.3500004      -2.1048705902123868E-003
   10.3999996      -2.0281700281922803E-003
   10.4499998      -1.9543871975682314E-003
   10.5000000      -1.8834059118542435E-003
   10.5500002      -1.8151148393508536E-003
   10.6000004      -1.7494072899009033E-003
   10.6499996      -1.6861810114890963E-003
   10.6999998      -1.6253379962252546E-003
   10.7500000      -1.5667842952491221E-003
   10.8000002      -1.5104298421358606E-003
   10.8500004      -1.4561882843679673E-003
   10.8999996      -1.4039768225128631E-003
   10.9499998      -1.3537160567138340E-003
   11.0000000      -1.3053298401592296E-003
   11.0500002      -1.2587451391960411E-003
   11.1000004      -1.2138918997568863E-003
   11.1499996      -1.1707029198140314E-003
   11.1999998      -1.1291137275686361E-003
   11.2500000      -1.0890624651045226E-003
   11.3000002      -1.0504897772572578E-003
   11.3500004      -1.0133387054382366E-003
   11.3999996      -9.7755458619013208E-004
   11.4499998      -9.4308495425510610E-004
   11.5000000      -9.0987944993624922E-004
   11.5500002      -8.7788973055358613E-004
   11.6000004      -8.4706938581848642E-004
   11.6499996      -8.1737385692370770E-004
   11.6999998      -7.8876035919263885E-004
   11.7500000      -7.6118780811557443E-004
   11.8000002      -7.3461674862119921E-004
   11.8500004      -7.0900928743467407E-004
   11.8999996      -6.8432902837696496E-004
   11.9499998      -6.6054101047535090E-004
   12.0000000      -6.3761164875848113E-004
   12.0500002      -6.1550867760660013E-004
   12.1000004      -5.9420109654624901E-004
   12.1499996      -5.7365911837802962E-004
   12.1999998      -5.5385411953615322E-004
   12.2500000      -5.3475859256985384E-004
   12.3000002      -5.1634610065747378E-004
   12.3500004      -4.9859123406281118E-004
   12.3999996      -4.8146956844746639E-004
   12.4499998      -4.6495762494952345E-004
   12.5000000      -4.4903283195568878E-004
   12.5500002      -4.3367348849405557E-004
   12.6000004      -4.1885872916838321E-004
   12.6499996      -4.0456849057230132E-004
   12.6999998      -3.9078347911192403E-004
   12.7500000      -3.7748514018133236E-004
   12.8000002      -3.6465562862831284E-004
   12.8500004      -3.5227778045258723E-004
   12.8999996      -3.4033508568473691E-004
   12.9499998      -3.2881166239349973E-004
   13.0000000      -3.1769223177298119E-004
   13.0500002      -3.0696209426080563E-004
   13.1000004      -2.9660710664549360E-004
   13.1499996      -2.8661366011816501E-004
   13.1999998      -2.7696865922786478E-004
   13.2500000      -2.6765950170346806E-004
   13.3000002      -2.5867405910231931E-004
   13.3500004      -2.5000065825185553E-004
   13.3999996      -2.4162806344938347E-004
   13.4499998      -2.3354545938862828E-004
   13.5000000      -2.2574243478161744E-004
   13.5500002      -2.1820896664513322E-004
   13.6000004      -2.1093540522563184E-004
   13.6499996      -2.0391245953385842E-004
   13.6999998      -1.9713118346416166E-004
   13.7500000      -1.9058296247370248E-004
   13.8000002      -1.8425950079861881E-004
   13.8500004      -1.7815280918279488E-004
   13.8999996      -1.7225519309932151E-004
   13.9499998      -1.6655924144419148E-004
   14.0000000      -1.6105781568069832E-004
   14.0500002      -1.5574403941813478E-004
   14.1000004      -1.5061128840461604E-004
   14.1499996      -1.4565318091802067E-004
   14.1999998      -1.4086356853822615E-004
   14.2500000      -1.3623652728498922E-004
   14.3000002      -1.3176634910600537E-004
   14.3500004      -1.2744753370107936E-004
   14.3999996      -1.2327478066841079E-004
   14.4499998      -1.1924298195977027E-004
   14.5000000      -1.1534721463207258E-004
   14.5500002      -1.1158273388304794E-004
   14.6000004      -1.0794496635937992E-004
   14.6499996      -1.0442950372612688E-004
   14.6999998      -1.0103209648745095E-004
   14.7500000      -9.7748648047220731E-005
   14.8000002      -9.4575209000985973E-005
   14.8500004      -9.1507971649420092E-005
   14.8999996      -8.8543264723920853E-005
   14.9499998      -8.5677548316776830E-005
   15.0000000      -8.2907409006624817E-005
   15.0500002      -8.0229555172108501E-005
   15.1000004      -7.7640812485683234E-005
   15.1499996      -7.5138119580755601E-005
   15.1999998      -7.2718523884924581E-005
   15.2500000      -7.0379177612808099E-005
   15.3000002      -6.8117333912293945E-005
   15.3500004      -6.5930343157803037E-005
   15.3999996      -6.3815649384732902E-005
   15.4499998      -6.1770786859703452E-005
   15.5000000      -5.9793376781289377E-005
   15.5500002      -5.7881124105676342E-005
   15.6000004      -5.6031814492784070E-005
   15.6499996      -5.4243311367742057E-005
   15.6999998      -5.2513553093399514E-005
   15.7500000      -5.0840550249460384E-005
   15.8000002      -4.9222383014120288E-005
   15.8500004      -4.7657198644063913E-005
   15.8999996      -4.6143209049107006E-005
   15.9499998      -4.4678688457676699E-005
   16.0000000      -4.3261971169718332E-005
   16.0499992      -4.1891449393579989E-005
   16.1000004      -4.0565571163649683E-005
   16.1499996      -3.9282838335421442E-005
   16.2000008      -3.8041804655409635E-005
   16.2500000      -3.6841073902519279E-005
   16.2999992      -3.5679298098594171E-005
   16.3500004      -3.4555175785021308E-005
   16.3999996      -3.3467450363305029E-005
   16.4500008      -3.2414908496766205E-005
   16.5000000      -3.1396378571359084E-005
   16.5499992      -3.0410729213045902E-005
   16.6000004      -2.9456867859707873E-005
   16.6499996      -2.8533739385670893E-005
   16.7000008      -2.7640324776516749E-005
   16.7500000      -2.6775639852462166E-005
   16.7999992      -2.5938734038475952E-005
   16.8500004      -2.5128689179314824E-005
   16.8999996      -2.4344618397751042E-005
   16.9500008      -2.3585664994478763E-005
   17.0000000      -2.2851001387879464E-005
   17.0499992      -2.2139828092457438E-005
   17.1000004      -2.1451372734279011E-005
   17.1499996      -2.0784889102073384E-005
   17.2000008      -2.0139656232664951E-005
   17.2500000      -1.9514977529457086E-005
   17.2999992      -1.8910179912775558E-005
   17.3500004      -1.8324613000754957E-005
   17.3999996      -1.7757648319774073E-005
   17.4500008      -1.7208678543205089E-005
   17.5000000      -1.6677116757577551E-005
   17.5499992      -1.6162395754961793E-005
   17.6000004      -1.5663967350749002E-005
   17.6499996      -1.5181301725790372E-005
   17.7000008      -1.4713886792085954E-005
   17.7500000      -1.4261227581017702E-005
   17.7999992      -1.3822845653431443E-005
   17.8500004      -1.3398278530692152E-005
   17.8999996      -1.2987079145972865E-005
   17.9500008      -1.2588815315012534E-005
   18.0000000      -1.2203069225596214E-005
   18.0499992      -1.1829436945142472E-005
   18.1000004      -1.1467527945701392E-005
   18.1499996      -1.1116964645710995E-005
   18.2000008      -1.0777381967943832E-005
   18.2500000      -1.0448426912989176E-005
   18.2999992      -1.0129758147768868E-005
   18.3500004      -9.8210456085007099E-006
   18.3999996      -9.5219701176040746E-006
   18.4500008      -9.2322230140417301E-006
   18.5000000      -8.9515057965918025E-006
   18.5499992      -8.6795297796027378E-006
   18.6000004      -8.4160157607852148E-006
   18.6499996      -8.1606937005779645E-006
   18.7000008      -7.9133024127023360E-006
   18.7500000      -7.6735892654689522E-006
   18.7999992      -7.4413098934995805E-006
   18.8500004      -7.2162279194312658E-006
   18.8999996      -6.9981146852968636E-006
   18.9500008      -6.7867489931954756E-006
   19.0000000      -6.5819168549560283E-006
   19.0499992      -6.3834112504455043E-006
   19.1000004      -6.1910318942183553E-006
   19.1499996      -6.0045850102269834E-006
   19.2000008      -5.8238831142819449E-006
   19.2500000      -5.6487448040063258E-006
   19.2999992      -5.4789945560111314E-006
   19.3500004      -5.3144625300339786E-006
   19.3999996      -5.1549843797893889E-006
   19.4500008      -5.0004010703164272E-006
   19.5000000      -4.8505587015574169E-006
   19.5499992      -4.7053083379832025E-006
   19.6000004      -4.5645058440252557E-006
   19.6499996      -4.4280117251361003E-006
   19.7000008      -4.2956909742507250E-006
   19.7500000      -4.1674129234827237E-006
   19.7999992      -4.0430511008634946E-006
   19.8500004      -3.9224830919440325E-006
   19.8999996      -3.8055904060927973E-006
   19.9500008      -3.6922583473301675E-006
   20.0000000      -3.5823758895287568E-006
   20.0499992      -3.4758355558420233E-006
   20.1000004      -3.3725333022039098E-006
   20.1499996      -3.2723684047560484E-006
   20.2000008      -3.1752433510794880E-006
   20.2500000      -3.0810637350836800E-006
   20.2999992      -2.9897381554354507E-006
   20.3500004      -2.9011781173965749E-006
   20.3999996      -2.8152979379669516E-006
   20.4500008      -2.7320146542003545E-006
   20.5000000      -2.6512479345991642E-006
   20.5499992      -2.5729199934687023E-006
   20.6000004      -2.4969555081443737E-006
   20.6499996      -2.4232815389787871E-006
   20.7000008      -2.3518274519972600E-006
   20.7500000      -2.2825248441358718E-006
   20.7999992      -2.2153074709713655E-006
   20.8500004      -2.1501111768524627E-006
   20.8999996      -2.0868738273538424E-006
   20.9500008      -2.0255352439761085E-006
   21.0000000      -1.9660371410083973E-006
   21.0499992      -1.9083230644889496E-006
   21.1000004      -1.8523383331830178E-006
   21.1499996      -1.7980299815143447E-006
   21.2000008      -1.7453467043828471E-006
   21.2500000      -1.6942388038042678E-006
   21.2999992      -1.6446581373101068E-006
   21.3500004      -1.5965580680489969E-006
   21.3999996      -1.5498934165287730E-006
   21.4500008      -1.5046204139480543E-006
   21.5000000      -1.4606966570613462E-006
   21.5499992      -1.4180810645238720E-006
   21.6000004      -1.3767338346702178E-006
   21.6499996      -1.3366164046757608E-006
   21.7000008      -1.2976914110560375E-006
   21.7500000      -1.2599226514579779E-006
   21.7999992      -1.2232750476980771E-006
   21.8500004      -1.1877146100098308E-006
   21.8999996      -1.1532084024557488E-006
   21.9500008      -1.1197245094666695E-006
   22.0000000      -1.0872320034727012E-006
   22.0499992      -1.0557009135835165E-006
   22.1000004      -1.0251021952899950E-006
   22.1499996      -9.9540770114709586E-007
   22.2000008      -9.6659015240982021E-007
   22.2500000      -9.3862311158791528E-007
   22.2999992      -9.1148095588872913E-007
   22.3500004      -8.8513885152057725E-007
   22.3999996      -8.5957272882562796E-007
   22.4500008      -8.3475925821660967E-007
   22.5000000      -8.1067582689069549E-007
   22.5499992      -7.8730051629360124E-007
   22.6000004      -7.6461208030955152E-007
   22.6499996      -7.4258992415284569E-007
   22.7000008      -7.2121408393971415E-007
   22.7500000      -7.0046520691473735E-007
   22.7999992      -6.8032453231433564E-007
   22.8500004      -6.6077387284187915E-007
   22.8999996      -6.4179559673818440E-007
   22.9500008      -6.2337261042488845E-007
   23.0000000      -6.0548834170361473E-007
   23.0499992      -5.8812672349312414E-007
   23.1000004      -5.7127217808506108E-007
   23.1499996      -5.5490960190214268E-007
   23.2000008      -5.3902435074273447E-007
   23.2500000      -5.2360222549489041E-007
   23.2999992      -5.0862945830630883E-007
   23.3500004      -4.9409269919382109E-007
   23.3999996      -4.7997900307778052E-007
   23.4500008      -4.6627581722918931E-007
   23.5000000      -4.5297096911451089E-007
   23.5499992      -4.4005265462587685E-007
   23.6000004      -4.2750942668477778E-007
   23.6499996      -4.1533018420587976E-007
   23.7000008      -4.0350416140994424E-007
   23.7500000      -3.9202091747527996E-007
   23.7999992      -3.8087032651468365E-007
   23.8500004      -3.7004256786990680E-007
   23.8999996      -3.5952811671140279E-007
   23.9500008      -3.4931773493441296E-007
   24.0000000      -3.3940246234162731E-007
   24.0499992      -3.2977360810294662E-007
   24.1000004      -3.2042274248394650E-007
   24.1499996      -3.1134168883449126E-007
   24.2000008      -3.0252251582769217E-007
   24.2500000      -2.9395752994325219E-007
   24.2999992      -2.8563926818593215E-007
   24.3500004      -2.7756049103174059E-007
   24.3999996      -2.6971417559503795E-007
   24.4500008      -2.6209350900956322E-007
   24.5000000      -2.5469188201534248E-007
   24.5499992      -2.4750288274677155E-007
   24.6000004      -2.4052029071363074E-007
   24.6499996      -2.3373807097016066E-007
   24.7000008      -2.2715036846572884E-007
   24.7500000      -2.2075150257095342E-007
   24.7999992      -2.1453596177421747E-007
   24.8500004      -2.0849839854325009E-007
   24.8999996      -2.0263362434567557E-007
   24.9500008      -1.9693660482447504E-007
   25.0000000      -1.9140245512304662E-007
   25.0499992      -1.8602643535494028E-007
   25.1000004      -1.8080394621382576E-007
   25.1499996      -1.7573052471928282E-007
   25.2000008      -1.7080184009423424E-007
   25.2500000      -1.6601368976969273E-007
   25.2999992      -1.6136199551250956E-007
   25.3500004      -1.5684279967311147E-007
   25.3999996      -1.5245226154846817E-007
   25.4500008      -1.4818665385718693E-007
   25.5000000      -1.4404235932330749E-007
   25.5499992      -1.4001586736487333E-007
   25.6000004      -1.3610377088447209E-007
   25.6499996      -1.3230276315835708E-007
   25.7000008      -1.2860963482094445E-007
   25.7500000      -1.2502127094180483E-007
   25.7999992      -1.2153464819237064E-007
   25.8500004      -1.1814683209926188E-007
   25.8999996      -1.1485497438183625E-007
   25.9500008      -1.1165631037108751E-007
   26.0000000      -1.0854815650736019E-007
   26.0499992      -1.0552790791467610E-007
   26.1000004      -1.0259303604892555E-007
   26.1499996      -9.9741086417921477E-008
   26.2000008      -9.6969676370852587E-008
   26.2500000      -9.4276492955127217E-008
   26.2999992      -9.1659290838397837E-008
   26.3500004      -8.9115890293888113E-008
   26.3999996      -8.6644175246900698E-008
   26.4500008      -8.4242091380664541E-008
   26.5000000      -8.1907644299710644E-008
   26.5499992      -7.9638897748914397E-008
   26.6000004      -7.7433971886612909E-008
   26.6499996      -7.5291041609988380E-008
   26.7000008      -7.3208334931151138E-008
   26.7500000      -7.1184131402386584E-008
   26.7999992      -6.9216760589014092E-008
   26.8500004      -6.7304600588348977E-008
   26.8999996      -6.5446076593477830E-008
   26.9500008      -6.3639659500287239E-008
   27.0000000      -6.1883864556541022E-008
   27.0499992      -6.0177250051658320E-008
   27.1000004      -5.8518416045994123E-008
   27.1499996      -5.6906003138327029E-008
   27.2000008      -5.5338691270424368E-008
   27.2500000      -5.3815198567597863E-008
   27.2999992      -5.2334280214002689E-008
   27.3500004      -5.0894727361788871E-008
   27.3999996      -4.9495366072918299E-008
   27.4500008      -4.8135056292760929E-008
   27.5000000      -4.6812690854434411E-008
   27.5499992      -4.5527194512955884E-008
