     0.5   3.003      1
     0.5   6.007     -1
     1.5   9.010      1
     1.5   18.02     -1
     2.5   13.51      1
     2.5   27.03     -1
     3.5   18.02      1
     3.5   36.04     -1
     4.5   22.52      1
     4.5   45.04     -1
     5.5   27.02      1
     5.5   54.04     -1
     6.5   31.49      1
     6.5   63.00     -1
     7.5   35.95      1
     7.5   71.82     -1
     8.5   39.93      1
     8.5   80.13     -1
     9.5   43.84      1
     9.5   87.06     -1
    10.5   45.05      1
    10.5   91.19     -1
    11.5   46.31      1
    11.5   91.00     -1
    12.5   41.82      1
    12.5   85.77     -1
    13.5   39.34      1
    13.5   76.15     -1
    14.5   30.62      1
    14.5   63.92     -1
    15.5   26.86      1
    15.5   51.16     -1
    16.5   18.60      1
    16.5   39.43     -1
    17.5   15.67      1
    17.5   29.53     -1
    18.5   10.12      1
    18.5   21.65     -1
    19.5   8.348      1
    19.5   15.64     -1
    20.5   5.193      1
    20.5   11.16     -1
    21.5   4.232      1
    21.5   7.904     -1
    22.5   2.581      1
    22.5   5.560     -1
    23.5   2.087      1
    23.5   3.892     -1
    24.5   1.258      1
    24.5   2.714     -1
    25.5   1.012      1
    25.5   1.886     -1
    26.5  0.6056      1
    26.5   1.307     -1
    27.5  0.4852      1
    27.5  0.9039     -1
    28.5  0.2888      1
    28.5  0.6237     -1
    29.5  0.2306      1
    29.5  0.4295     -1
    30.5  0.1367      1
    30.5  0.2952     -1
    31.5  0.1089      1
    31.5  0.2025     -1
    32.5  0.6424E-01  1
    32.5  0.1387     -1
